0 0.016377 0.280765 0.032753 0.095905 0.000000 0.328527 0.032753 0.325213 0.022448 0.234653 0.000000 0.232622 0.000000 0.328527
0 0.026682 0.407875 0.053364 0.172000 0.000000 0.493900 0.053364 0.487558 0.034227 0.321900 0.000000 0.329630 0.000000 0.493900
0 0.053916 0.698574 0.107831 0.425273 0.000000 0.911580 0.107831 0.884991 0.056308 0.486306 0.000000 0.494038 0.000000 0.911580
0 0.058332 0.944359 0.116664 0.110592 0.000000 1.000000 0.116664 0.998742 0.101944 0.889408 0.000000 0.917017 0.000000 1.000000
0 0.142589 0.273756 0.241428 0.100638 0.263877 0.307494 0.204653 0.223422 0.022448 0.233500 0.035698 0.324059 0.263877 0.307494
0 0.201988 0.397362 0.332102 0.182223 0.060723 0.488613 0.367800 0.451581 0.262405 0.306389 0.035698 0.321850 0.060723 0.488613
0 0.337876 0.669127 0.547627 0.435130 0.113720 0.886194 0.611295 0.772441 0.371341 0.451064 0.063669 0.490822 0.113720 0.886194
0 0.452004 0.886714 0.672758 0.226553 0.115192 0.886095 0.134734 0.997139 0.787950 1.000000 0.608352 0.773447 0.115192 0.886095
0 0.334880 0.263384 0.263509 0.086142 0.467028 0.294289 0.371341 0.220295 0.203519 0.223609 0.265348 0.306438 0.467028 0.294289
0 0.446237 0.369589 0.370600 0.157928 0.371341 0.448905 0.631531 0.420300 0.467028 0.290977 0.260931 0.304230 0.371341 0.448905
0 0.678721 0.595358 0.616817 0.350091 0.612767 0.770281 0.986686 0.688556 0.633377 0.420191 0.369869 0.448905 0.612767 0.770281
0 0.807769 0.844882 0.384288 0.311639 1.000000 0.706031 0.989630 0.688361 0.615712 0.772294 0.788545 0.998978 1.000000 1.000000 1.000000 0.706031
0 0.506028 0.251089 0.274556 0.083428 0.643134 0.279734 0.515605 0.209877 0.368578 0.218184 0.469358 0.293305 0.643134 0.279734
0 0.662783 0.349718 0.391191 0.140061 0.634738 0.419795 0.857964 0.393975 0.646366 0.279734 0.466773 0.294758 0.634738 0.419795
0 0.816972 0.544422 0.365194 0.301344 0.999077 0.465252 0.860752 0.393569 0.634806 0.421325 1.000000 0.694913 0.999077 0.465252
0 0.661390 0.241686 0.294655 0.077122 0.809220 0.267723 0.649506 0.203487 0.514566 0.210230 0.644716 0.280609 0.809220 0.267723
0 0.820820 0.329066 0.357266 0.126881 0.642734 0.281105 0.860752 0.393117 1.000000 0.375770 0.999627 0.343453 0.805917 0.266236 0.642734 0.281105
0 0.932967 0.420846 0.134684 0.091692 1.000000 0.374780 0.865316 0.393823 1.000000 0.466472 1.000000 0.374780
0 0.802371 0.230652 0.307867 0.070678 0.956775 0.254837 0.777234 0.196055 0.648908 0.203292 0.804164 0.266733 0.956775 0.254837
0 0.902605 0.299219 0.195836 0.092188 1.000000 0.268309 0.955455 0.253845 0.804164 0.266733 1.000000 0.346033 1.000000 0.268309
0 0.888355 0.222594 0.223584 0.063938 1.000000 0.221630 0.899298 0.190405 0.776416 0.196848 0.955455 0.254342 1.000000 0.252359 1.000000 0.221630
0 0.978764 0.260446 0.041903 0.017767 1.000000 0.251367 0.958097 0.254837 1.000000 0.269134 1.000000 0.251367
0 0.952066 0.201895 0.094756 0.038164 1.000000 0.182475 0.905244 0.189414 1.000000 0.220639 1.000000 0.182475