0 0.576260 0.100842 0.693145 0.201684 0.229509 0.000000 0.374650 0.201684 0.922655 0.071644 0.912741 0.000000 0.229509 0.000000
0 0.962245 0.030868 0.074491 0.061736 0.925509 0.000000 0.937752 0.061736 1.000000 0.044847 1.000000 0.000000 0.925509 0.000000
0 0.183228 0.149229 0.366456 0.298458 0.000000 0.000000 0.000000 0.298458 0.366456 0.206169 0.203364 0.000000 0.000000 0.000000
0 0.966201 0.303777 0.066777 0.507555 1.000000 0.049572 0.933223 0.066691 0.999648 0.557127 1.000000 0.557075 1.000000 0.049572
0 0.882799 0.819852 0.234348 0.127203 1.000000 0.756880 0.765652 0.775097 0.833586 0.884083 1.000000 0.869342 1.000000 0.756880
0 0.682780 0.335994 0.606186 0.525112 0.985364 0.557977 0.919636 0.074122 0.379178 0.205400 0.646388 0.599234 0.985364 0.557977
0 0.320175 0.424088 0.640350 0.426300 0.000000 0.356056 0.350495 0.637627 0.640350 0.600472 0.366456 0.211327 0.000000 0.297563 0.000000 0.356056
0 0.551346 0.699078 0.408942 0.198156 0.537692 0.798573 0.756419 0.779791 0.640350 0.600417 0.347477 0.640048 0.537692 0.798573
0 0.684602 0.833238 0.294203 0.110225 0.647897 0.887744 0.831895 0.880897 0.764141 0.777519 0.537692 0.796097 0.647897 0.887744
0 0.486586 0.843784 0.320047 0.100069 0.327144 0.807917 0.478461 0.893125 0.647191 0.884703 0.535477 0.793056 0.327144 0.807917
0 0.314166 0.723250 0.443958 0.174625 0.352005 0.636333 0.092225 0.671462 0.335398 0.810958 0.536183 0.796097 0.352005 0.636333
0 0.173738 0.515352 0.347477 0.315080 0.000000 0.615295 0.092344 0.672248 0.347477 0.637572 0.000000 0.357169 0.000000 0.615295
0 0.319889 0.856884 0.336653 0.095017 0.151220 0.826948 0.322428 0.904627 0.487873 0.896303 0.330869 0.809609 0.151220 0.826948
0 0.162203 0.870313 0.324406 0.087502 0.000000 0.846005 0.187095 0.914234 0.324406 0.903150 0.151517 0.826733 0.000000 0.840986 0.000000 0.846005
0 0.093271 0.884787 0.186542 0.075823 0.000000 0.903867 0.052969 0.922892 0.186542 0.915989 0.000000 0.847069 0.000000 0.903867
0 0.026575 0.915170 0.053150 0.024089 0.000000 0.926848 0.053150 0.922102 0.000000 0.902759 0.000000 0.926848
0 0.074609 0.797825 0.149217 0.083150 0.000000 0.840017 0.149217 0.827658 0.000000 0.756867 0.000000 0.840017
0 0.168538 0.750486 0.337075 0.154097 0.000000 0.760844 0.153753 0.827955 0.337075 0.811448 0.094573 0.673858 0.000000 0.684605 0.000000 0.760844
0 0.044833 0.651193 0.089666 0.064886 0.000000 0.684198 0.089666 0.670228 0.000000 0.619313 0.000000 0.684198