0 0.971714 0.123222 0.055928 0.105819 1.000000 0.070045 0.944072 0.081556 1.000000 0.175864 1.000000 0.070045
0 0.944145 0.041221 0.110166 0.082442 0.889834 0.000000 0.942891 0.082442 1.000000 0.068717 0.999295 0.000000 0.889834 0.000000
0 0.780058 0.476013 0.441366 0.542650 1.000000 0.398905 0.913458 0.205358 0.588187 0.264323 0.558634 0.748008 1.000000 0.706914 1.000000 0.398905
0 0.751004 0.142578 0.323883 0.247656 0.827092 0.018639 0.602688 0.065119 0.589733 0.266295 0.913616 0.205942 0.864294 0.096488 0.827092 0.018639
0 0.713765 0.032559 0.224405 0.065119 0.603456 0.000000 0.601605 0.065119 0.826009 0.018639 0.820983 0.000000 0.603456 0.000000
0 0.771527 0.854449 0.455555 0.290148 1.000000 0.709852 0.557048 0.746619 0.544445 0.999750 1.000000 1.000000 1.000000 0.709852
0 0.139445 0.805566 0.275764 0.389256 0.140028 0.998883 0.276948 0.610744 0.001184 0.644042 0.001647 1.000000 0.140028 0.998883
0 0.213625 0.413441 0.424125 0.464381 0.138677 0.233484 0.002166 0.418883 0.002166 0.645034 0.278956 0.606036 0.426291 0.180653 0.138677 0.233484
0 0.312294 0.119151 0.349587 0.228927 0.423380 0.181916 0.486562 0.004323 0.276964 0.045947 0.275577 0.045947 0.136975 0.233250 0.423380 0.181916
0 0.383444 0.023667 0.213762 0.047334 0.312592 0.000000 0.276502 0.047334 0.490264 0.001548 0.312592 0.000000
0 0.073284 0.065248 0.146569 0.130497 0.108333 0.000000 0.000000 0.023561 0.000000 0.130497 0.146569 0.000000 0.108333 0.000000