0 0.977908 0.894243 0.043316 0.082236 1.000000 0.853694 0.956684 0.926983 1.000000 0.935930 1.000000 0.853694
0 0.953777 0.963523 0.091930 0.073920 1.000000 0.936816 0.955483 0.926080 0.908070 1.000000 1.000000 1.000000 1.000000 0.936816
0 0.781705 0.523737 0.435286 0.553725 1.000000 0.287597 0.564714 0.246930 0.594766 0.740486 0.925550 0.800655 1.000000 0.633586 1.000000 0.287597
0 0.761562 0.865418 0.329373 0.252711 0.837720 0.991184 0.875553 0.911748 0.925711 0.800058 0.596337 0.738473 0.609513 0.943756 0.837720 0.991184
0 0.721916 0.971872 0.228208 0.056244 0.834250 1.000000 0.836620 0.991184 0.608413 0.943756 0.610005 1.000000 0.834250 1.000000
0 0.774612 0.142368 0.449223 0.284736 0.550777 0.000000 0.563100 0.248348 1.000000 0.284736 1.000000 0.000000 0.550777 0.000000
0 0.139126 0.193498 0.278252 0.386997 0.000000 0.000000 0.000000 0.353284 0.278252 0.386997 0.142198 0.000000 0.000000 0.000000
0 0.215063 0.588408 0.430127 0.473691 0.000000 0.584392 0.137637 0.771955 0.430127 0.825864 0.280294 0.391800 0.000000 0.352173 0.000000 0.584392
0 0.312667 0.885778 0.353459 0.227806 0.489366 1.000000 0.427166 0.824577 0.135906 0.772194 0.276858 0.963320 0.278269 0.963320 0.462352 1.000000 0.489366 1.000000
0 0.366755 0.981548 0.177261 0.038095 0.455059 1.000000 0.277798 0.961905 0.306745 1.000000 0.455059 1.000000
0 0.067121 0.939652 0.134242 0.119928 0.134242 1.000000 0.000000 0.880072 0.000000 0.986903 0.060019 1.000000 0.134242 1.000000