0 0.158728 0.310013 0.317456 0.263775 0.000000 0.431002 0.144798 0.442375 0.317456 0.185986 0.127438 0.178600 0.000917 0.319111 0.000000 0.358745 0.000000 0.431002
0 0.073025 0.546654 0.146050 0.224558 0.000000 0.658827 0.146050 0.444019 0.000000 0.434269 0.000000 0.658827
0 0.270482 0.111733 0.284714 0.148466 0.128884 0.178180 0.316636 0.186292 0.413598 0.037827 0.263280 0.039866 0.128884 0.178180
0 0.447920 0.111576 0.255214 0.154402 0.320958 0.187103 0.522914 0.189537 0.576172 0.035136 0.416686 0.036205 0.320958 0.187103
0 0.334952 0.322656 0.373030 0.273438 0.319723 0.185445 0.148648 0.445056 0.424358 0.458883 0.521678 0.187878 0.319723 0.185445
0 0.210813 0.722451 0.421627 0.554277 0.225406 1.000000 0.421627 0.457894 0.154823 0.445723 0.000000 0.676102 0.000000 1.000000 0.225406 1.000000
0 0.481653 0.728709 0.494556 0.541794 0.709509 1.000000 0.728575 0.473344 0.430533 0.458206 0.234019 1.000000 0.709509 1.000000
0 0.584088 0.328919 0.308800 0.285963 0.430273 0.455581 0.727958 0.471808 0.739073 0.190291 0.525739 0.185845 0.430273 0.455581
0 0.637113 0.111507 0.221102 0.157389 0.739692 0.189516 0.747720 0.032127 0.577716 0.035136 0.526619 0.188705 0.739692 0.189516
0 0.863976 0.105378 0.234202 0.163881 0.980687 0.187894 0.929427 0.024012 0.753278 0.030503 0.746486 0.187894 0.980687 0.187894
0 0.867956 0.336741 0.264038 0.301608 1.000000 0.263400 0.977600 0.186270 0.746000 0.189516 0.735963 0.474427 1.000000 0.487878 1.000000 0.263400
0 0.861077 0.737509 0.278403 0.525019 1.000000 0.490180 0.736119 0.474981 0.721597 1.000000 1.000000 1.000000 1.000000 0.490180
0 0.966813 0.106826 0.064877 0.163652 1.000000 0.025711 0.935123 0.027025 0.983777 0.188705 1.000000 0.189362 1.000000 0.025711
0 0.991870 0.213745 0.014989 0.052489 1.000000 0.188219 0.985011 0.189516 1.000000 0.240708 1.000000 0.188219