0 0.975763 0.880320 0.048402 0.091889 1.000000 0.834886 0.951598 0.916780 1.000000 0.926775 1.000000 0.834886
0 0.948655 0.957687 0.103559 0.084125 1.000000 0.927838 0.950398 0.915875 0.896441 1.000000 1.000000 1.000000 1.000000 0.927838
0 0.779560 0.514363 0.440370 0.553725 1.000000 0.277867 0.559630 0.236727 0.589681 0.730283 0.920466 0.790452 1.000000 0.611972 1.000000 0.277867
0 0.755311 0.854480 0.329372 0.252711 0.832636 0.980980 0.870467 0.901544 0.920625 0.789855 0.591253 0.728269 0.604428 0.933553 0.832636 0.980980
0 0.717230 0.966036 0.228209 0.066447 0.826423 1.000000 0.831536 0.980980 0.603327 0.933553 0.605209 1.000000 0.826423 1.000000
0 0.773776 0.137478 0.453802 0.274956 0.546198 0.000000 0.558014 0.238144 1.000000 0.274956 1.000000 0.000000 0.546198 0.000000
0 0.136584 0.188396 0.273167 0.376792 0.000000 0.000000 0.000000 0.343695 0.273167 0.376792 0.140702 0.000000 0.000000 0.000000
0 0.212521 0.578673 0.425042 0.472972 0.000000 0.581117 0.132553 0.761750 0.425042 0.815661 0.275209 0.381595 0.000000 0.342689 0.000000 0.581117
0 0.309007 0.879298 0.355514 0.233597 0.422081 0.814372 0.130822 0.761991 0.271772 0.953116 0.273184 0.953116 0.486336 0.995588 0.422081 0.814372
0 0.382130 0.975712 0.217386 0.048300 0.309416 1.000000 0.490100 0.998419 0.272714 0.951700 0.309416 1.000000
0 0.070290 0.937795 0.140580 0.125589 0.140580 1.000000 0.000000 0.874411 0.000000 0.977808 0.101694 1.000000 0.140580 1.000000