0 0.517140 0.272421 0.468655 0.544842 0.282523 0.521794 0.564063 0.545419 0.751178 0.006456 0.305619 0.000577 0.282523 0.521794
0 0.134189 0.266109 0.268378 0.532219 0.003405 0.000000 0.000000 0.351147 0.000000 0.516034 0.256442 0.532219 0.268378 0.000000 0.003405 0.000000
0 0.127523 0.677564 0.255047 0.302003 0.000000 0.746105 0.025425 0.829114 0.248036 0.829114 0.250956 0.827545 0.255047 0.538864 0.000000 0.527111 0.000000 0.746105
0 0.137181 0.913611 0.224363 0.161597 0.024841 0.837416 0.070414 0.995091 0.242225 0.991984 0.249203 0.833494 0.024841 0.837416
0 0.362589 0.912441 0.212678 0.162383 0.418747 0.986380 0.422747 0.986858 0.469489 0.834673 0.266744 0.831536 0.256811 0.993919 0.418747 0.986380
0 0.417348 0.684580 0.300320 0.291034 0.266606 0.830683 0.473533 0.830372 0.566927 0.556122 0.278292 0.539648 0.266606 0.830683
0 0.795482 0.284301 0.409714 0.568602 0.787497 0.000000 0.590286 0.553534 0.853642 0.567598 0.856634 0.568602 1.000000 0.340584 1.000000 0.000000 0.787497 0.000000
0 0.666247 0.698805 0.360619 0.278861 0.679042 0.835314 0.680247 0.837739 0.847011 0.571003 0.583922 0.558878 0.486392 0.831272 0.679042 0.835314
0 0.554065 0.911216 0.245630 0.156808 0.581514 0.985527 0.584523 0.989569 0.676634 0.836802 0.485187 0.833569 0.431005 0.990377 0.581514 0.985527
0 0.737091 0.908442 0.283558 0.154384 0.741214 0.985778 0.740009 0.984161 0.878477 0.841902 0.695459 0.831394 0.594919 0.985778 0.741214 0.985778
0 0.849348 0.704838 0.301822 0.265927 1.000000 0.580795 0.866748 0.572209 0.698178 0.834095 0.884206 0.838136 0.886616 0.837328 1.000000 0.709677 1.000000 0.580795
0 0.935205 0.473620 0.129784 0.200364 1.000000 0.373734 0.870216 0.563611 1.000000 0.574098 1.000000 0.373734