0 0.485385 0.702030 0.648895 0.594684 0.536291 1.000000 0.810155 0.681481 0.596408 0.405316 0.161259 0.529191 0.388227 1.000000 0.536291 1.000000
0 0.186321 0.767130 0.372642 0.465511 0.372642 1.000000 0.149989 0.534489 0.000811 0.580517 0.000000 1.000000 0.372642 1.000000
0 0.074995 0.392216 0.149989 0.346931 0.000000 0.565670 0.149989 0.528550 0.000000 0.218739 0.000000 0.565670
0 0.298760 0.344460 0.597520 0.360795 0.000000 0.198934 0.154442 0.525581 0.597520 0.405316 0.442336 0.194002 0.000000 0.164786 0.000000 0.198934
0 0.215822 0.097983 0.431644 0.195966 0.000000 0.000000 0.000000 0.158847 0.431644 0.195966 0.310609 0.024552 0.212331 0.000000 0.000000 0.000000
0 0.482507 0.114085 0.330639 0.178170 0.647617 0.203389 0.534172 0.082684 0.316978 0.025219 0.440550 0.194480 0.647617 0.203389
0 0.607023 0.297684 0.335922 0.207867 0.775359 0.353556 0.646505 0.204873 0.439438 0.194480 0.603087 0.402347 0.775359 0.353556
0 0.770778 0.515660 0.338431 0.318820 0.600861 0.402347 0.806900 0.675139 0.939292 0.537459 0.781209 0.356319 0.600861 0.402347
0 0.650946 0.149705 0.223767 0.130659 0.674336 0.112819 0.538517 0.084608 0.643164 0.209328 0.762284 0.215267 0.674336 0.112819
0 0.760035 0.280773 0.223195 0.142797 0.775763 0.352856 0.871219 0.327147 0.762525 0.214397 0.648023 0.210059 0.775763 0.352856
0 0.886795 0.431393 0.217341 0.203411 0.937067 0.533005 0.995211 0.457452 0.879177 0.329594 0.777870 0.357803 0.937067 0.533005