0 0.451323 0.318594 0.902647 0.637188 0.130513 0.000000 0.000000 0.058644 0.000000 0.298038 0.442852 0.637188 0.902647 0.546639 0.894692 0.547831 0.694227 0.000000 0.130513 0.000000
0 0.208216 0.515029 0.416431 0.386308 0.000000 0.673416 0.069570 0.708003 0.416431 0.636217 0.415170 0.635272 0.000000 0.321695 0.000000 0.673416
0 0.228005 0.617016 0.021634 0.012156 0.239320 0.615637 0.232559 0.610573 0.217686 0.611586 0.217686 0.615637 0.227152 0.622730 0.239320 0.621716 0.239320 0.615637
0 0.194140 0.529979 0.035155 0.016208 0.212278 0.526495 0.208222 0.521430 0.190645 0.522444 0.177123 0.532573 0.183884 0.537637 0.194702 0.537637 0.212278 0.526495
0 0.016902 0.548070 0.033803 0.021141 0.000000 0.548872 0.008114 0.553845 0.024339 0.557898 0.033803 0.554859 0.031098 0.540677 0.027042 0.537637 0.000000 0.536758 0.000000 0.548872
0 0.033202 0.662791 0.035155 0.016208 0.050028 0.668314 0.037859 0.655145 0.025691 0.656158 0.014873 0.660209 0.021634 0.665275 0.035155 0.671353 0.050028 0.668314
0 0.725770 0.688516 0.529664 0.258281 0.677539 0.814075 0.678488 0.816914 0.991169 0.775759 0.908734 0.558633 0.461505 0.646619 0.677539 0.814075
0 0.378019 0.751341 0.543538 0.199558 0.106816 0.720989 0.129802 0.734158 0.400217 0.851664 0.649002 0.819248 0.650353 0.812158 0.620608 0.787847 0.507033 0.704781 0.443484 0.653119 0.431316 0.652106 0.200109 0.697691 0.191997 0.701742 0.124392 0.713898 0.106816 0.720989
0 0.188985 0.806375 0.377970 0.165875 0.000000 0.841203 0.162562 0.889012 0.377970 0.854011 0.375261 0.854011 0.075181 0.723137 0.000000 0.741333 0.000000 0.841203
0 0.370370 0.907900 0.381366 0.090800 0.560869 0.933819 0.560192 0.933311 0.396942 0.861787 0.179503 0.894252 0.377977 0.952587 0.560869 0.933819
0 0.594608 0.879826 0.364216 0.106527 0.412052 0.861098 0.571913 0.932623 0.776267 0.909619 0.667423 0.826097 0.412052 0.861098
0 0.844041 0.844952 0.313083 0.124280 1.000000 0.801608 0.993770 0.783488 0.686917 0.821531 0.794620 0.907767 0.795975 0.906753 1.000000 0.886509 1.000000 0.801608