0 0.553239 0.675464 0.893978 0.647803 1.000000 0.697020 0.548927 0.351295 0.106022 0.438588 0.113684 0.437439 0.319045 0.999098 0.780342 0.996802 1.000000 0.898023 1.000000 0.697020
0 0.787812 0.478133 0.425623 0.390641 0.575591 0.353142 0.999620 0.673667 1.000000 0.328556 0.908495 0.283027 0.574377 0.352231 0.575591 0.353142
0 0.755732 0.371484 0.020839 0.011719 0.765820 0.375977 0.765820 0.372070 0.756703 0.365234 0.744981 0.366211 0.744981 0.372070 0.751494 0.376953 0.765820 0.375977
0 0.787244 0.454688 0.033863 0.015625 0.791869 0.461914 0.804892 0.452148 0.798381 0.447266 0.787961 0.447266 0.771030 0.458008 0.774937 0.462891 0.791869 0.461914
0 0.961724 0.438379 0.039073 0.020508 0.945553 0.444336 0.949461 0.447266 0.979417 0.448242 0.982022 0.440430 0.967695 0.431641 0.952066 0.427734 0.942948 0.430664 0.945553 0.444336
0 0.943494 0.326562 0.033863 0.015625 0.950764 0.333008 0.961183 0.329102 0.954670 0.324219 0.941647 0.318359 0.927320 0.321289 0.939042 0.333984 0.950764 0.333008
0 0.275416 0.302621 0.510208 0.248992 0.321947 0.178033 0.020752 0.217708 0.100158 0.427025 0.530959 0.342203 0.322859 0.180769 0.321947 0.178033
0 0.610223 0.241504 0.523572 0.192383 0.560039 0.336914 0.782752 0.292969 0.790566 0.289062 0.855687 0.277344 0.872619 0.270508 0.850477 0.257812 0.589994 0.144531 0.350350 0.175781 0.349047 0.182617 0.377700 0.206055 0.487103 0.286133 0.548317 0.335938 0.560039 0.336914
0 0.805225 0.187768 0.388575 0.159911 0.818919 0.108527 0.611425 0.142269 0.614034 0.142269 0.903091 0.268437 1.000000 0.244964 0.998356 0.161341 0.818919 0.108527
0 0.619615 0.090643 0.367355 0.087536 0.435897 0.065820 0.593148 0.134773 0.802600 0.103475 0.611419 0.047238 0.435245 0.065331 0.435897 0.065820
0 0.403543 0.118535 0.350836 0.102695 0.578595 0.135436 0.424606 0.066484 0.227759 0.088663 0.332605 0.169180 0.578595 0.135436
0 0.157836 0.150530 0.312547 0.119811 0.313827 0.173580 0.210080 0.090447 0.208775 0.091425 0.001933 0.111964 0.001280 0.160866 0.018245 0.210258 0.313827 0.173580