0 0.427455 0.896112 0.676786 0.207848 0.089175 0.917242 0.100248 0.997239 0.765961 1.000000 0.616370 0.792152 0.089175 0.917242
0 0.044588 0.963177 0.089175 0.073228 0.089175 1.000000 0.074652 0.926772 0.000000 0.947025 0.000000 1.000000 0.089175 1.000000
0 0.812873 0.847115 0.375747 0.306730 1.000000 1.000000 0.999786 0.693270 0.624253 0.787837 0.792103 1.000000 1.000000 1.000000
0 0.039505 0.696010 0.079009 0.492020 0.000000 0.942259 0.079009 0.922008 0.015106 0.450239 0.000000 0.452397 0.000000 0.942259
0 0.120109 0.197512 0.240217 0.123148 0.004644 0.258875 0.240217 0.240564 0.174863 0.135727 0.000000 0.151214 0.004644 0.258875
0 0.319709 0.661938 0.583167 0.505127 0.028847 0.449420 0.092080 0.914859 0.612014 0.788578 0.354952 0.409733 0.028847 0.449420
0 0.680557 0.578474 0.639239 0.410073 1.000000 0.662297 0.639608 0.372802 0.360761 0.408542 0.624253 0.782875 1.000000 0.694462 1.000000 0.662297
0 0.445144 0.314057 0.393412 0.190614 0.459519 0.217981 0.249100 0.236048 0.360761 0.408595 0.642513 0.370472 0.459519 0.217981
0 0.318077 0.185827 0.283030 0.106030 0.353500 0.132205 0.176489 0.138791 0.241670 0.238234 0.459519 0.220364 0.353500 0.132205
0 0.508634 0.174693 0.307894 0.096261 0.662073 0.208994 0.516502 0.127028 0.354180 0.135130 0.461652 0.223289 0.662073 0.208994
0 0.674488 0.290239 0.427100 0.167978 0.638156 0.374045 0.888072 0.340253 0.654131 0.206067 0.460972 0.220364 0.638156 0.374045
0 0.820931 0.499298 0.357488 0.320470 0.642513 0.372855 0.998333 0.659967 1.000000 0.408595 0.887956 0.339497 0.642513 0.372855
0 0.669747 0.161325 0.323869 0.091400 0.831316 0.190686 0.666609 0.115966 0.507447 0.123972 0.658489 0.207366 0.831316 0.190686
0 0.825367 0.148336 0.322609 0.084172 0.987316 0.176192 0.796803 0.106722 0.664706 0.117384 0.831030 0.190894 0.987316 0.176192
0 0.898208 0.139101 0.202666 0.081327 1.000000 0.125030 0.925836 0.098394 0.797334 0.105036 0.999503 0.179720 1.000000 0.125030
0 0.962169 0.109033 0.074338 0.033691 1.000000 0.092516 0.925662 0.099155 1.000000 0.126206 1.000000 0.092516
0 0.916191 0.223020 0.166758 0.092916 1.000000 0.176192 0.833242 0.190003 1.000000 0.269108 1.000000 0.176192
0 0.826866 0.263178 0.347481 0.148231 1.000000 0.264405 0.828878 0.189719 0.652519 0.205597 0.885811 0.337950 1.000000 0.324975 1.000000 0.264405
0 0.945359 0.364604 0.109467 0.079208 1.000000 0.324387 0.890533 0.341442 1.000000 0.403595 1.000000 0.324387