0 0.499320 0.700207 0.673641 0.600414 0.566019 1.000000 0.835753 0.686283 0.613855 0.399586 0.162112 0.528184 0.389566 1.000000 0.566019 1.000000
0 0.186724 0.767532 0.373448 0.466314 0.373448 1.000000 0.150413 0.533686 0.000000 0.580095 0.000000 1.000000 0.373448 1.000000
0 0.075206 0.391143 0.150413 0.347911 0.000000 0.564745 0.150413 0.527520 0.000000 0.216834 0.000000 0.564745
0 0.307505 0.337102 0.615011 0.374205 0.000000 0.196538 0.155034 0.524438 0.615011 0.399586 0.453908 0.180212 0.000000 0.150233 0.000000 0.196538
0 0.221405 0.091126 0.442809 0.182252 0.000000 0.000000 0.000000 0.144173 0.442809 0.182252 0.317159 0.004302 0.299941 0.000000 0.000000 0.000000
0 0.495062 0.097170 0.343248 0.184966 0.323770 0.004994 0.452055 0.180711 0.667019 0.189959 0.549247 0.064650 0.323770 0.004994
0 0.625929 0.289146 0.348733 0.215792 0.450898 0.180711 0.620789 0.396503 0.799631 0.345853 0.665863 0.191500 0.450898 0.180711
0 0.794420 0.513927 0.351339 0.330980 0.969817 0.536769 0.805705 0.348720 0.618478 0.396503 0.832375 0.679700 0.969817 0.536769
0 0.669275 0.135009 0.232300 0.135642 0.662395 0.196125 0.786058 0.202291 0.694756 0.095934 0.553758 0.066648 0.662395 0.196125
0 0.783041 0.270996 0.231706 0.148242 0.786308 0.201386 0.667441 0.196884 0.800050 0.345127 0.899147 0.318436 0.786308 0.201386
0 0.900444 0.425897 0.197763 0.211169 1.000000 0.423003 0.907408 0.320977 0.802238 0.350263 0.967505 0.532145 1.000000 0.489922 1.000000 0.423003