0 0.507997 0.711698 0.684744 0.576522 0.626831 1.000000 0.850928 0.553591 0.390661 0.423478 0.166184 0.712447 0.422053 1.000000 0.626831 1.000000
0 0.824148 0.779834 0.351420 0.440917 1.000000 0.599609 0.858922 0.559083 0.648580 1.000000 1.000000 1.000000 1.000000 0.599609
0 0.929311 0.430171 0.139872 0.332217 1.000000 0.263581 0.860128 0.554241 1.000000 0.595798 1.000000 0.263581
0 0.784112 0.101964 0.430725 0.203928 0.773117 0.000000 0.689961 0.021508 0.569275 0.203928 1.000000 0.171366 1.000000 0.000000 0.773117 0.000000
0 0.697067 0.360115 0.606634 0.373355 1.000000 0.172814 0.554794 0.202314 0.393366 0.416420 0.854094 0.546169 1.000000 0.245272 1.000000 0.172814
0 0.514768 0.117928 0.345161 0.192106 0.458731 0.076183 0.342386 0.213614 0.554794 0.205542 0.687547 0.021508 0.458731 0.076183
0 0.381091 0.306651 0.349683 0.219552 0.206317 0.366663 0.391867 0.417022 0.556000 0.197470 0.339972 0.212000 0.206317 0.366663
0 0.209617 0.535835 0.353609 0.334170 0.033431 0.555855 0.162564 0.702761 0.387041 0.425094 0.208425 0.368591 0.033431 0.555855
0 0.336774 0.149052 0.232923 0.135605 0.453417 0.081237 0.313920 0.113837 0.220494 0.216842 0.336352 0.215228 0.453417 0.081237
0 0.221645 0.291259 0.240164 0.154392 0.102222 0.339533 0.200284 0.368006 0.342386 0.213614 0.218080 0.218458 0.102222 0.339533
0 0.099385 0.444663 0.198770 0.214327 0.000000 0.513394 0.034355 0.552245 0.198770 0.375048 0.101016 0.337919 0.000000 0.450309 0.000000 0.513394