0 0.231966 0.390309 0.463931 0.586867 0.000000 0.130528 0.214655 0.684159 0.463931 0.681630 0.446428 0.108617 0.000000 0.097292 0.000000 0.130528
0 0.681491 0.397422 0.453608 0.582344 0.717938 0.689019 0.908788 0.118328 0.455180 0.106675 0.469766 0.683572 0.717938 0.689019
0 0.103730 0.418863 0.207461 0.522102 0.000000 0.679420 0.207461 0.680692 0.000000 0.158591 0.000000 0.679420
0 0.588369 0.825477 0.229862 0.204078 0.472708 0.722797 0.477117 0.918192 0.637217 0.926875 0.702570 0.727798 0.472708 0.722797
0 0.351874 0.822476 0.238123 0.198077 0.306717 0.919886 0.470223 0.922181 0.464966 0.726105 0.232100 0.724105 0.306717 0.919886
0 0.152097 0.820331 0.304194 0.200038 0.000000 0.726558 0.141269 0.918769 0.304194 0.920453 0.231328 0.722378 0.000000 0.720416 0.000000 0.726558
0 0.069352 0.826098 0.138703 0.183447 0.000000 0.915175 0.138703 0.918453 0.000000 0.735006 0.000000 0.915175
0 0.029235 0.973501 0.058470 0.053252 0.058470 1.000000 0.000000 0.946748 0.000000 1.000000 0.058470 1.000000
0 0.097630 0.966972 0.195261 0.065194 0.195261 1.000000 0.149438 0.937659 0.000000 0.934806 0.000000 0.945108 0.061355 1.000000 0.195261 1.000000
0 0.246162 0.968670 0.176698 0.062341 0.334225 1.000000 0.311217 0.939198 0.157527 0.937659 0.202897 1.000000 0.334225 1.000000
0 0.392514 0.969177 0.156903 0.060230 0.471213 1.000000 0.469734 0.944388 0.314309 0.939770 0.336205 1.000000 0.471213 1.000000
0 0.549350 0.970763 0.154950 0.057152 0.610269 1.000000 0.627573 0.946361 0.472623 0.942848 0.474300 1.000000 0.610269 1.000000