0 0.158270 0.688863 0.316539 0.265225 0.000000 0.681453 0.125562 0.820966 0.316539 0.813541 0.143013 0.555741 0.000000 0.566978 0.000000 0.681453
0 0.072134 0.453152 0.144269 0.221928 0.000000 0.563723 0.144269 0.554087 0.000000 0.341795 0.000000 0.563723
0 0.269635 0.887141 0.286145 0.149283 0.262089 0.960466 0.413164 0.962516 0.315713 0.813233 0.127019 0.821391 0.262089 0.960466
0 0.448561 0.887001 0.256497 0.155252 0.416267 0.964147 0.576555 0.965222 0.523030 0.809970 0.320058 0.812417 0.416267 0.964147
0 0.334328 0.676534 0.374906 0.274942 0.521788 0.811638 0.423977 0.539142 0.146881 0.553044 0.318817 0.814084 0.521788 0.811638
0 0.210616 0.276186 0.421233 0.552372 0.000000 0.000000 0.000000 0.324470 0.153087 0.552372 0.421233 0.540136 0.225817 0.000000 0.000000 0.000000
0 0.481998 0.269910 0.495247 0.539820 0.234478 0.000000 0.430184 0.539820 0.729725 0.524600 0.710742 0.000000 0.234478 0.000000
0 0.584864 0.670330 0.310353 0.287536 0.525869 0.813681 0.740277 0.809212 0.729103 0.526145 0.429923 0.542459 0.525869 0.813681
0 0.637670 0.888503 0.222214 0.158256 0.526753 0.810808 0.578106 0.965222 0.748967 0.968248 0.740897 0.809992 0.526753 0.810808
0 0.866127 0.893328 0.235380 0.164781 0.747725 0.811623 0.754553 0.969880 0.931588 0.976405 0.983105 0.811623 0.747725 0.811623
0 0.868925 0.660945 0.262850 0.303141 1.000000 0.510114 0.737150 0.523513 0.747237 0.809992 0.980002 0.813255 1.000000 0.744363 1.000000 0.510114
0 0.862013 0.261477 0.277152 0.522955 0.722848 0.000000 0.737306 0.522955 1.000000 0.507817 1.000000 0.000000 0.722848 0.000000
0 0.968845 0.893137 0.062689 0.164400 1.000000 0.810247 0.986209 0.810808 0.937311 0.973377 1.000000 0.974647 1.000000 0.810247
0 0.993775 0.789172 0.012550 0.043969 1.000000 0.767109 0.987450 0.809992 1.000000 0.811078 1.000000 0.767109