0 0.550759 0.323377 0.898392 0.646755 0.313141 0.000000 0.109647 0.556394 0.101608 0.555189 0.566327 0.646755 1.000000 0.314459 1.000000 0.055452 0.876653 0.000000 0.313141 0.000000
0 0.797236 0.527565 0.406972 0.380130 1.000000 0.338236 0.594303 0.644819 0.593028 0.645773 0.943605 0.718366 1.000000 0.690312 1.000000 0.338236
0 0.782808 0.626459 0.021866 0.012294 0.772036 0.631109 0.784336 0.632134 0.793902 0.624962 0.793902 0.620866 0.778869 0.619841 0.772036 0.624962 0.772036 0.631109
0 0.817766 0.537882 0.035531 0.016389 0.817133 0.546086 0.828066 0.546086 0.834898 0.540964 0.821233 0.530720 0.803467 0.529697 0.799367 0.534819 0.817133 0.546086
0 0.989811 0.555774 0.020247 0.020923 1.000000 0.545650 0.986586 0.546086 0.982486 0.549159 0.979753 0.563502 0.989319 0.566573 1.000000 0.563905 1.000000 0.545650
0 0.981828 0.673820 0.035531 0.016389 0.978387 0.681303 0.992053 0.675158 0.998886 0.670036 0.987953 0.665937 0.975653 0.664914 0.963355 0.678231 0.978387 0.681303
0 0.280168 0.697779 0.535336 0.261183 0.328167 0.828500 0.329125 0.825630 0.547473 0.656292 0.095455 0.567317 0.012137 0.786883 0.328167 0.828500
0 0.630929 0.763401 0.549358 0.201802 0.386667 0.799106 0.356602 0.823691 0.357969 0.830862 0.609416 0.863642 0.882728 0.744814 0.905959 0.731498 0.888194 0.724327 0.819866 0.712034 0.811667 0.707937 0.577984 0.661841 0.565686 0.662866 0.501458 0.715108 0.386667 0.799106
0 0.815299 0.818245 0.368098 0.167739 1.000000 0.748700 0.937933 0.733670 0.634641 0.866014 0.631902 0.866014 0.849616 0.901409 1.000000 0.857158 1.000000 0.748700
0 0.639599 0.919348 0.385448 0.091820 0.447730 0.946206 0.447045 0.946719 0.631895 0.965698 0.832494 0.906708 0.612727 0.873878 0.447730 0.946206
0 0.413745 0.891361 0.368116 0.107722 0.435883 0.945509 0.597456 0.873181 0.339348 0.837787 0.229341 0.922247 0.435883 0.945509
0 0.159823 0.858151 0.319647 0.125677 0.000000 0.898559 0.209420 0.919348 0.210791 0.920375 0.319647 0.833170 0.009508 0.794698 0.000000 0.822372 0.000000 0.898559