0 0.497847 0.723912 0.480069 0.550950 0.714336 1.000000 0.737669 0.473291 0.448842 0.449050 0.257600 1.000000 0.714336 1.000000
0 0.876936 0.731204 0.247622 0.537408 1.000000 0.477463 0.764427 0.462592 0.752378 1.000000 1.000000 1.000000 1.000000 0.477463
0 0.882696 0.312119 0.234142 0.308613 1.000000 0.157953 0.773052 0.157953 0.770055 0.159562 0.765858 0.455773 1.000000 0.466566 1.000000 0.157953
0 0.885949 0.076730 0.228148 0.153459 0.778608 0.000000 0.771852 0.153459 1.000000 0.149470 1.000000 0.142427 0.958841 0.000000 0.778608 0.000000
0 0.654064 0.077734 0.217503 0.155467 0.592617 0.000000 0.545864 0.152248 0.753859 0.155467 0.763367 0.000000 0.592617 0.000000
0 0.599360 0.305563 0.308095 0.298625 0.445905 0.438066 0.742011 0.454969 0.754000 0.156344 0.541716 0.156662 0.445905 0.438066
0 0.210970 0.712370 0.421941 0.574739 0.222720 1.000000 0.421941 0.440720 0.151766 0.426291 0.148695 0.425261 0.000000 0.661800 0.000000 1.000000 0.222720 1.000000
0 0.342790 0.291505 0.369955 0.286134 0.428469 0.435238 0.528523 0.155738 0.330884 0.151591 0.329650 0.149103 0.158569 0.422797 0.428469 0.435238
0 0.457509 0.076691 0.249392 0.153383 0.423820 0.000000 0.333355 0.150064 0.529758 0.153383 0.582747 0.000000 0.423820 0.000000
0 0.271101 0.077806 0.289077 0.155612 0.267231 0.000000 0.126287 0.144831 0.314044 0.155612 0.415364 0.000000 0.267231 0.000000
0 0.155627 0.284870 0.311253 0.272864 0.000000 0.412645 0.138320 0.421559 0.311253 0.152842 0.120409 0.148695 0.117939 0.149523 0.000000 0.282328 0.000000 0.412645
0 0.067381 0.524302 0.134763 0.207980 0.000000 0.627580 0.134763 0.430381 0.001356 0.419600 0.000000 0.419600 0.000000 0.627580