0 0.016202 0.398176 0.032405 0.177602 0.000000 0.487267 0.032405 0.483416 0.012333 0.309666 0.000000 0.312452 0.000000 0.487267
0 0.044767 0.702930 0.089534 0.440234 0.000000 0.922338 0.089534 0.900261 0.035494 0.482103 0.000000 0.486977 0.000000 0.922338
0 0.048082 0.952241 0.096164 0.095106 0.096164 1.000000 0.083358 0.904894 0.000000 0.927470 0.000000 1.000000 0.096164 1.000000
0 0.126600 0.259027 0.253200 0.105553 0.000000 0.217078 0.013877 0.311931 0.253200 0.294556 0.191084 0.206378 0.000000 0.216947 0.000000 0.217078
0 0.188224 0.389312 0.348323 0.191123 0.251656 0.293398 0.013877 0.309614 0.040125 0.484522 0.362200 0.445681 0.251656 0.293398
0 0.330938 0.673504 0.574377 0.456383 0.365914 0.445139 0.043213 0.486839 0.095709 0.901522 0.617589 0.782212 0.365914 0.445139
0 0.441404 0.891178 0.689058 0.216731 0.786312 1.000000 0.614500 0.783269 0.097255 0.901419 0.114602 1.000000 0.786312 1.000000
0 0.328815 0.248300 0.276380 0.090350 0.189895 0.206575 0.254744 0.293450 0.466275 0.280708 0.365914 0.203100 0.189895 0.206575
0 0.444351 0.359383 0.388702 0.165641 0.466275 0.277233 0.250113 0.291133 0.365914 0.442873 0.638814 0.412873 0.466275 0.277233
0 0.681878 0.596095 0.635631 0.367191 1.000000 0.685638 0.640748 0.412758 0.364369 0.442873 0.619133 0.779948 1.000000 0.696705 1.000000 0.685638
0 0.810765 0.848245 0.377780 0.302741 1.000000 0.697259 0.622220 0.782059 0.788388 1.000000 1.000000 1.000000 1.000000 0.697259
0 0.506483 0.235938 0.287966 0.087502 0.363017 0.200884 0.468717 0.279673 0.650983 0.265441 0.517223 0.192172 0.363017 0.200884
0 0.670773 0.339077 0.410297 0.146903 0.654370 0.265441 0.466008 0.281198 0.642175 0.412344 0.876305 0.385263 0.654370 0.265441
0 0.821064 0.532937 0.357753 0.297125 1.000000 0.447422 0.879230 0.384836 0.642247 0.413947 1.000000 0.681961 1.000000 0.447422
0 0.670148 0.226382 0.309047 0.080889 0.516134 0.192542 0.652641 0.266359 0.825181 0.252844 0.657666 0.185470 0.516134 0.192542
0 0.824719 0.318102 0.349437 0.133078 1.000000 0.322352 0.821716 0.251284 0.650563 0.266880 0.879230 0.384362 1.000000 0.369317 1.000000 0.322352
0 0.942367 0.408230 0.115984 0.078961 1.000000 0.368703 0.884016 0.385103 1.000000 0.447664 1.000000 0.368703
0 0.819265 0.215190 0.322905 0.074130 0.657038 0.185264 0.819877 0.251805 0.979942 0.239328 0.791633 0.177675 0.657038 0.185264
0 0.910374 0.282290 0.180123 0.086455 1.000000 0.245250 0.978558 0.238287 0.819877 0.251805 1.000000 0.324742 1.000000 0.245250
0 0.895238 0.205405 0.209227 0.067059 1.000000 0.196661 0.919658 0.171748 0.790773 0.178506 0.978558 0.238808 1.000000 0.237853 1.000000 0.196661
0 0.963616 0.180548 0.074106 0.029847 1.000000 0.165283 0.925894 0.170709 1.000000 0.195130 1.000000 0.165283