0 0.757766 0.357402 0.471783 0.580428 0.521609 0.644953 0.768188 0.647455 0.993392 0.067027 0.538923 0.078547 0.521609 0.644953
0 0.305599 0.364378 0.448698 0.575631 0.081567 0.088147 0.270352 0.652258 0.515839 0.646873 0.530266 0.076627 0.081567 0.088147
0 0.887348 0.362223 0.224697 0.565072 1.000000 0.078955 0.775303 0.644027 1.000000 0.642650 1.000000 0.078955
0 0.399624 0.786800 0.227373 0.201725 0.508566 0.878791 0.512927 0.685647 0.285553 0.690591 0.350198 0.887372 0.508566 0.878791
0 0.633398 0.785396 0.235547 0.195792 0.515384 0.882731 0.677122 0.880464 0.750931 0.686939 0.520586 0.688917 0.515384 0.882731
0 0.832384 0.781698 0.305394 0.197770 0.679619 0.881025 0.840778 0.879359 0.985013 0.683255 0.751694 0.685233 0.679619 0.881025
0 0.922091 0.780980 0.156681 0.196334 1.000000 0.682712 0.991609 0.683059 0.843319 0.879047 1.000000 0.875347 1.000000 0.682712
0 0.942034 0.945920 0.115319 0.098091 1.000000 0.896527 0.992463 0.896147 0.884681 0.994237 1.000000 0.990778 1.000000 0.896527
0 0.876720 0.945847 0.231566 0.101069 0.832700 0.898033 0.760592 0.996059 0.880708 0.994628 0.992158 0.894991 0.832700 0.898033
0 0.730584 0.948402 0.189292 0.099930 0.672670 0.899553 0.635406 0.997963 0.752684 0.996909 0.824698 0.898033 0.672670 0.899553
0 0.592187 0.949398 0.156248 0.098795 0.515869 0.904683 0.513363 0.998914 0.634748 0.995955 0.669611 0.900119 0.515869 0.904683
0 0.436012 0.951545 0.153273 0.096839 0.510169 1.000000 0.513011 0.903161 0.359737 0.906634 0.389880 1.000000 0.510169 1.000000