0 0.158702 0.312419 0.317403 0.262338 0.002570 0.320641 0.000000 0.431791 0.145677 0.443233 0.317403 0.188241 0.128409 0.180895 0.002570 0.320641
0 0.073460 0.546343 0.146920 0.223936 0.001327 0.658995 0.146920 0.444867 0.000000 0.435059 0.001327 0.658995
0 0.271277 0.114453 0.283180 0.147656 0.413028 0.040889 0.263520 0.042917 0.129848 0.180477 0.316588 0.188545 0.413028 0.040889
0 0.447231 0.114280 0.253837 0.153561 0.574725 0.038212 0.416098 0.039275 0.320887 0.189352 0.521753 0.191773 0.574725 0.038212
0 0.335510 0.323474 0.371020 0.271948 0.423728 0.459652 0.520525 0.190123 0.319658 0.187703 0.149505 0.445900 0.423728 0.459652
0 0.210506 0.723593 0.421012 0.553436 0.225061 1.000000 0.421012 0.458667 0.155648 0.446564 0.000941 0.676756 0.000000 1.000000 0.225061 1.000000
0 0.480697 0.729886 0.492644 0.541022 0.726305 0.474034 0.429870 0.458978 0.233661 0.999905 0.707263 1.000000 0.726305 0.474034
0 0.583255 0.329702 0.307136 0.284405 0.736748 0.192522 0.524563 0.188102 0.429613 0.456369 0.725691 0.472506 0.736748 0.192522
0 0.634955 0.114204 0.219909 0.156533 0.576259 0.038212 0.525439 0.190945 0.737362 0.191752 0.745348 0.035219 0.576259 0.038212
0 0.860220 0.108056 0.232941 0.162988 0.750877 0.033605 0.744119 0.190138 0.977059 0.190138 0.926075 0.027150 0.750877 0.033605
0 0.867548 0.339141 0.266347 0.300156 1.000000 0.278086 0.973988 0.188523 0.743636 0.191752 0.733653 0.475111 1.000000 0.488680 1.000000 0.278086
0 0.859089 0.737170 0.280678 0.524339 1.000000 0.490992 0.733808 0.475661 0.719322 0.999389 1.000000 1.000000 1.000000 0.490992
0 0.965380 0.109619 0.068261 0.162988 1.000000 0.028764 0.931739 0.030145 0.980131 0.190945 1.000000 0.191752 1.000000 0.028764
0 0.990570 0.222900 0.018641 0.064550 0.981359 0.191752 0.999788 0.254688 1.000000 0.190138 0.981359 0.191752