0 0.487738 0.307153 0.681727 0.614306 0.390023 0.000000 0.146212 0.484959 0.604453 0.614306 0.827939 0.327039 0.536505 0.000000 0.390023 0.000000
0 0.183671 0.239750 0.367342 0.479500 0.000000 0.000000 0.000000 0.439844 0.138255 0.479500 0.367342 0.000000 0.000000 0.000000
0 0.068527 0.606269 0.137053 0.325037 0.000000 0.768692 0.137053 0.484314 0.000000 0.443655 0.000000 0.768692
0 0.213313 0.916530 0.426625 0.167434 0.315689 1.000000 0.426625 0.832566 0.000000 0.864770 0.000000 1.000000 0.315689 1.000000
0 0.300880 0.677695 0.601759 0.371014 0.000000 0.863352 0.441042 0.834170 0.601759 0.621323 0.143061 0.492337 0.000000 0.786930 0.000000 0.863352
0 0.485545 0.911970 0.333589 0.177064 0.367188 1.000000 0.536681 0.959559 0.652514 0.822936 0.441042 0.830961 0.318925 1.000000 0.367188 1.000000
0 0.613133 0.729442 0.348141 0.218259 0.787983 0.670789 0.603252 0.620727 0.439842 0.838986 0.654917 0.824542 0.787983 0.670789
0 0.783838 0.502040 0.352052 0.332205 0.960109 0.482709 0.831544 0.336667 0.608058 0.612702 0.785886 0.668872 0.960109 0.482709
0 0.658137 0.887716 0.231898 0.134808 0.541972 0.954534 0.680855 0.922125 0.773870 0.819727 0.658522 0.821331 0.541972 0.954534
0 0.772678 0.745492 0.239106 0.153484 0.891620 0.697758 0.793991 0.669452 0.652514 0.822936 0.776273 0.818122 0.891620 0.697758
0 0.897564 0.592471 0.204503 0.213067 1.000000 0.532381 0.959189 0.486297 0.795497 0.662452 0.892822 0.699364 1.000000 0.580292 1.000000 0.532381