0 0.570639 0.102035 0.678778 0.204070 0.231288 0.000000 0.378383 0.204070 0.910066 0.078108 0.899237 0.000000 0.231288 0.000000
0 0.955386 0.034255 0.088897 0.068511 0.911103 0.000000 0.924713 0.068511 1.000000 0.048117 1.000000 0.000000 0.911103 0.000000
0 0.185217 0.150777 0.370434 0.301555 0.000000 0.000000 0.000000 0.301555 0.370434 0.208414 0.205297 0.000000 0.000000 0.000000
0 0.960153 0.300850 0.079681 0.495450 1.000000 0.052916 0.920319 0.073309 0.984764 0.548366 1.000000 0.546192 1.000000 0.052916
0 0.878944 0.802628 0.242262 0.124006 0.995316 0.741064 0.757737 0.759502 0.823648 0.865070 1.000000 0.849475 0.995316 0.741064
0 0.676877 0.335573 0.588128 0.508645 0.970906 0.549191 0.907136 0.080508 0.382778 0.207669 0.642027 0.589153 0.970906 0.549191
0 0.318084 0.420528 0.636169 0.412931 0.000000 0.341656 0.354948 0.626342 0.636169 0.590353 0.370434 0.213411 0.000000 0.300441 0.000000 0.341656
0 0.549944 0.686596 0.396763 0.191942 0.536570 0.782242 0.748781 0.764048 0.636169 0.590300 0.352019 0.628689 0.536570 0.782242
0 0.678657 0.815884 0.285439 0.106767 0.643492 0.868616 0.822009 0.861984 0.756273 0.761848 0.536570 0.779842 0.643492 0.868616
0 0.488070 0.825028 0.310514 0.096931 0.332292 0.791292 0.479103 0.873828 0.642806 0.865670 0.534419 0.776897 0.332292 0.791292
0 0.320055 0.709575 0.430734 0.169150 0.356413 0.625089 0.104370 0.659117 0.340302 0.794239 0.535105 0.779842 0.356413 0.625089
0 0.176009 0.500788 0.352019 0.317200 0.000000 0.595541 0.104486 0.659880 0.352019 0.626289 0.000000 0.342680 0.000000 0.595541
0 0.324250 0.838205 0.326625 0.092036 0.161609 0.809727 0.327717 0.884969 0.488234 0.876906 0.335908 0.792933 0.161609 0.809727
0 0.167365 0.851755 0.325355 0.084759 0.004281 0.824322 0.196416 0.894277 0.329636 0.883539 0.161898 0.809517 0.004281 0.824322
0 0.097940 0.862907 0.195880 0.078939 0.000000 0.878892 0.066284 0.902662 0.195880 0.895975 0.000000 0.823723 0.000000 0.878892
0 0.033230 0.893163 0.066461 0.030075 0.000000 0.907823 0.066461 0.901897 0.000000 0.877748 0.000000 0.907823
0 0.079833 0.778790 0.159666 0.088830 0.000000 0.823619 0.159666 0.810414 0.000000 0.734789 0.000000 0.823619
0 0.170964 0.735570 0.341928 0.149264 0.000000 0.739205 0.164067 0.810702 0.341928 0.794712 0.106650 0.661438 0.000000 0.673536 0.000000 0.739205
0 0.050944 0.636805 0.101887 0.073611 0.000000 0.673770 0.101887 0.657920 0.000000 0.600159 0.000000 0.673770