0 0.511083 0.702536 0.659666 0.595697 0.615183 1.000000 0.841252 0.530408 0.398880 0.404303 0.181586 0.685441 0.451670 1.000000 0.615183 1.000000
0 0.815755 0.768036 0.369009 0.464197 1.000000 0.581313 0.852709 0.535803 0.630991 1.000000 1.000000 1.000000 1.000000 0.581313
0 0.926770 0.395582 0.147291 0.341164 1.000000 0.225095 0.852709 0.529758 1.000000 0.566259 1.000000 0.225095
0 0.699563 0.342850 0.602252 0.366950 1.000000 0.159784 0.555509 0.189184 0.397748 0.404303 0.848181 0.526734 1.000000 0.205192 1.000000 0.159784
0 0.782436 0.095591 0.433622 0.191183 0.756112 0.000000 0.689422 0.016683 0.566378 0.191183 1.000000 0.153842 1.000000 0.000000 0.756112 0.000000
0 0.514938 0.107877 0.336127 0.181378 0.462148 0.075862 0.346820 0.198741 0.557323 0.189672 0.682947 0.017362 0.462148 0.075862
0 0.387937 0.294867 0.341498 0.211609 0.347952 0.200253 0.216958 0.351611 0.392089 0.401281 0.558456 0.189672 0.347952 0.200253
0 0.222025 0.516967 0.344050 0.324559 0.184895 0.678984 0.394353 0.401281 0.211011 0.354425 0.050303 0.538827 0.184895 0.678984
0 0.343428 0.144630 0.227481 0.133011 0.457731 0.077822 0.319658 0.106541 0.230250 0.210833 0.351347 0.204787 0.457731 0.077822
0 0.232200 0.278934 0.226900 0.145369 0.119508 0.324727 0.216548 0.350900 0.346408 0.205531 0.230006 0.209947 0.119508 0.324727
0 0.107203 0.430100 0.214406 0.207075 0.000000 0.465891 0.052567 0.534292 0.214406 0.355936 0.111417 0.327217 0.000000 0.450159 0.000000 0.465891