0 0.154526 0.311229 0.309052 0.622458 0.000000 0.000000 0.000000 0.620134 0.309052 0.622458 0.185511 0.000000 0.000000 0.000000
0 0.563663 0.312617 0.752327 0.625234 0.188275 0.000000 0.310680 0.625234 0.658666 0.613398 0.940602 0.000000 0.188275 0.000000
0 0.827098 0.306438 0.344820 0.612875 0.931564 0.000000 0.655180 0.612875 0.966292 0.609536 1.000000 0.569381 1.000000 0.000000 0.931564 0.000000
0 0.984334 0.591556 0.031169 0.039363 1.000000 0.571909 0.968831 0.608239 1.000000 0.611272 1.000000 0.571909
0 0.071528 0.742407 0.143056 0.172314 0.000000 0.828342 0.143056 0.827538 0.000000 0.656028 0.000000 0.828342
0 0.176377 0.722634 0.352753 0.210892 0.000000 0.666377 0.143056 0.827538 0.352753 0.828378 0.308622 0.620514 0.000000 0.617486 0.000000 0.666377
0 0.479549 0.721472 0.343473 0.208569 0.560980 0.823230 0.651067 0.617423 0.307594 0.622058 0.352842 0.825992 0.560980 0.823230
0 0.761428 0.716749 0.407231 0.214748 0.764920 0.818083 0.965745 0.609698 0.655180 0.617423 0.558514 0.824447 0.764920 0.818083
0 0.880387 0.711324 0.238898 0.207023 1.000000 0.609119 0.963689 0.608153 0.761102 0.815177 0.949153 0.811647 1.000000 0.772184 1.000000 0.609119
0 0.974305 0.789388 0.051736 0.041275 1.000000 0.769267 0.948264 0.810542 1.000000 0.807672 1.000000 0.769267
0 0.109966 0.872303 0.219933 0.088356 0.000000 0.870398 0.063872 0.912509 0.219933 0.915894 0.144084 0.827538 0.000000 0.830495 0.000000 0.870398
0 0.033478 0.890447 0.066956 0.046519 0.000000 0.913919 0.066956 0.912509 0.000000 0.867400 0.000000 0.913919
0 0.254214 0.870723 0.227178 0.091447 0.368177 0.915894 0.351814 0.824447 0.140998 0.825992 0.221211 0.915598 0.368177 0.915894
0 0.455941 0.873684 0.208756 0.094242 0.518991 0.914608 0.560570 0.825992 0.351814 0.827538 0.370323 0.920234 0.518991 0.914608
0 0.637012 0.868241 0.236523 0.089608 0.667520 0.912509 0.755959 0.822902 0.558514 0.822902 0.519436 0.912509 0.667520 0.912509
0 0.801329 0.860376 0.277658 0.098877 0.803481 0.906886 0.940036 0.810542 0.764186 0.815177 0.662378 0.909419 0.803481 0.906886
0 0.900445 0.855067 0.197764 0.091384 1.000000 0.808992 0.939008 0.813633 0.802236 0.900150 0.936716 0.900377 1.000000 0.864606 1.000000 0.808992
0 0.969332 0.883202 0.060539 0.035155 1.000000 0.866047 0.939461 0.901202 1.000000 0.898089 1.000000 0.866047
0 0.964160 0.935227 0.072070 0.036078 1.000000 0.917089 0.927930 0.953167 1.000000 0.951141 1.000000 0.917089
0 0.915137 0.925441 0.170898 0.057131 1.000000 0.896861 0.921342 0.902025 0.829102 0.953992 0.929578 0.952342 1.000000 0.916864 1.000000 0.896861
0 0.822461 0.929559 0.204297 0.059119 0.804394 0.900377 0.720888 0.959495 0.827453 0.957292 0.925184 0.900377 0.804394 0.900377
0 0.702833 0.935498 0.183791 0.052245 0.662739 0.910275 0.610170 0.960870 0.720389 0.960591 0.793961 0.908625 0.662739 0.910275
0 0.581216 0.937609 0.168683 0.053344 0.519986 0.912748 0.496252 0.963619 0.610578 0.960591 0.664934 0.910275 0.519986 0.912748
0 0.443970 0.940098 0.150439 0.048945 0.368997 0.917698 0.378216 0.964994 0.495278 0.963066 0.519436 0.916048 0.368997 0.917698
0 0.298278 0.941109 0.155931 0.047842 0.376448 0.963066 0.367694 0.919642 0.220517 0.916873 0.261147 0.964716 0.376448 0.963066
0 0.164919 0.938396 0.195463 0.048667 0.066783 0.913573 0.143516 0.961558 0.262245 0.962241 0.218870 0.916048 0.066783 0.913573
0 0.071551 0.937298 0.143102 0.046472 0.000000 0.947998 0.026852 0.960870 0.143102 0.959766 0.067881 0.914398 0.000000 0.915152 0.000000 0.947998
0 0.011979 0.954959 0.023958 0.016169 0.000000 0.962625 0.023958 0.961416 0.000000 0.946456 0.000000 0.962625
0 0.047118 0.974135 0.094236 0.026395 0.000000 0.986214 0.094236 0.986986 0.023958 0.960591 0.000000 0.961900 0.000000 0.986214
0 0.108890 0.974357 0.167780 0.029964 0.098628 0.987811 0.193384 0.989730 0.148592 0.962241 0.025605 0.959766 0.098628 0.987811
0 0.217165 0.977225 0.143705 0.032575 0.193614 0.989461 0.289003 0.993166 0.263344 0.962241 0.145298 0.960591 0.193614 0.989461
0 0.324145 0.979337 0.123291 0.033673 0.385536 0.995914 0.378645 0.962241 0.262245 0.963891 0.289698 0.994411 0.385536 0.995914
0 0.437063 0.978584 0.114752 0.032169 0.481155 0.993853 0.493945 0.963066 0.379194 0.963066 0.385783 0.995234 0.481155 0.993853
0 0.544666 0.977760 0.126831 0.030520 0.574028 0.991792 0.608697 0.962241 0.495044 0.964716 0.481866 0.992761 0.574028 0.991792
0 0.643716 0.974635 0.140558 0.030520 0.665530 0.989730 0.714664 0.962241 0.609245 0.959766 0.574106 0.990286 0.665530 0.989730
0 0.746497 0.973225 0.152369 0.033950 0.717409 0.959766 0.671019 0.990417 0.752559 0.987811 0.823387 0.956467 0.717409 0.959766
0 0.840340 0.972009 0.171305 0.034644 0.926502 0.953992 0.826573 0.954817 0.755197 0.986161 0.845242 0.988636 0.843342 0.987669 0.926502 0.953992
0 0.923430 0.968472 0.153111 0.033819 1.000000 0.952569 0.929247 0.952342 0.846889 0.986161 0.930344 0.982863 1.000000 0.958664 1.000000 0.952569
0 0.963777 0.972003 0.071303 0.025256 1.000000 0.959256 0.928697 0.984512 1.000000 0.981541 1.000000 0.959256
0 0.977308 0.991234 0.045241 0.016842 1.000000 0.983158 0.996780 0.983687 0.954759 1.000000 1.000000 1.000000 1.000000 0.983158
0 0.943662 0.990644 0.106075 0.018787 0.953728 1.000000 0.997328 0.981213 0.927050 0.984512 0.891253 1.000000 0.953728 1.000000
0 0.867841 0.993270 0.110683 0.014664 0.890950 1.000000 0.923756 0.985336 0.838653 0.988636 0.813073 1.000000 0.890950 1.000000
0 0.787440 0.993595 0.112380 0.012189 0.814987 1.000000 0.844144 0.987811 0.751903 0.987811 0.731764 1.000000 0.814987 1.000000
0 0.701774 0.994007 0.103548 0.013014 0.730092 1.000000 0.754098 0.986986 0.664603 0.989461 0.650550 1.000000 0.730092 1.000000
0 0.616443 0.996220 0.101636 0.008064 0.654016 1.000000 0.667348 0.991936 0.571814 0.991936 0.565712 1.000000 0.654016 1.000000
0 0.525830 0.995807 0.095411 0.007239 0.567384 1.000000 0.574011 0.993586 0.481220 0.992761 0.478600 1.000000 0.567384 1.000000
0 0.433715 0.996957 0.095555 0.006414 0.478077 1.000000 0.481127 0.993586 0.385572 0.993853 0.386378 1.000000 0.478077 1.000000
0 0.338019 0.996220 0.097912 0.008064 0.386322 1.000000 0.384494 0.992761 0.288409 0.991936 0.294842 1.000000 0.386322 1.000000
0 0.244884 0.995482 0.102269 0.009714 0.295692 1.000000 0.288958 0.991111 0.193423 0.990286 0.207823 1.000000 0.295692 1.000000
0 0.153877 0.994745 0.110880 0.011364 0.208769 1.000000 0.190130 0.988636 0.097889 0.988636 0.121269 1.000000 0.208769 1.000000
0 0.062130 0.994007 0.118011 0.013014 0.120914 1.000000 0.094594 0.986986 0.002903 0.988636 0.034642 1.000000 0.120914 1.000000
0 0.017190 0.993187 0.034380 0.014498 0.034380 1.000000 0.000000 0.985502 0.000000 1.000000 0.034380 1.000000