0 0.124129 0.154172 0.248258 0.308344 0.000000 0.000000 0.000000 0.258700 0.144455 0.308344 0.248258 0.000000 0.000000 0.000000
0 0.545541 0.250087 0.734833 0.500173 0.292787 0.000000 0.178094 0.317509 0.180423 0.319181 0.687153 0.500173 0.912927 0.306414 0.401102 0.000000 0.292787 0.000000
0 0.851247 0.455942 0.296244 0.286884 1.000000 0.357517 0.921647 0.312433 0.704319 0.500184 0.703756 0.503189 0.983017 0.599317 1.000000 0.589698 1.000000 0.357517
0 0.880238 0.653218 0.238600 0.122061 1.000000 0.626483 0.891917 0.592873 0.761400 0.672686 0.943347 0.714934 1.000000 0.685455 1.000000 0.626483
0 0.973428 0.707995 0.053106 0.037866 1.000000 0.689772 0.947248 0.713516 0.946894 0.714934 1.000000 0.727637 1.000000 0.689772
0 0.691298 0.587481 0.385720 0.165587 0.498380 0.612270 0.498975 0.613217 0.752931 0.669517 0.884100 0.589562 0.614184 0.503930 0.498380 0.612270
0 0.341995 0.482229 0.515241 0.261333 0.598992 0.498281 0.139311 0.351622 0.083752 0.523244 0.083752 0.524023 0.485534 0.612955 0.598992 0.498281
0 0.058751 0.411798 0.117502 0.214220 0.000000 0.504167 0.059019 0.519344 0.117502 0.342261 0.000000 0.305123 0.000000 0.504167
0 0.023989 0.571303 0.047978 0.108231 0.000000 0.622400 0.017798 0.625273 0.047978 0.526142 0.000000 0.517042 0.000000 0.622400
0 0.233540 0.603049 0.398330 0.152973 0.432453 0.603278 0.065812 0.526791 0.034123 0.623909 0.035256 0.625922 0.363795 0.679764 0.432453 0.603278
0 0.531504 0.662714 0.316133 0.106678 0.373420 0.679592 0.373044 0.681605 0.604297 0.716325 0.689177 0.659967 0.440948 0.609647 0.373420 0.679592
0 0.742031 0.704464 0.262188 0.087053 0.611113 0.717497 0.610736 0.718000 0.781252 0.747687 0.872923 0.700891 0.696748 0.660634 0.611113 0.717497
0 0.893419 0.738546 0.211837 0.070842 1.000000 0.733439 0.877095 0.703034 0.788162 0.748480 0.919934 0.773542 0.920436 0.773877 1.000000 0.739005 1.000000 0.733439
0 0.165076 0.678873 0.323902 0.095245 0.326305 0.677017 0.021911 0.630867 0.002430 0.697144 0.002403 0.698619 0.282873 0.726112 0.326305 0.677017
0 0.421355 0.714137 0.258334 0.075148 0.498417 0.751270 0.550905 0.710805 0.332052 0.676122 0.292570 0.727827 0.498417 0.751270
0 0.613030 0.743330 0.216686 0.061659 0.721513 0.739388 0.556591 0.712733 0.504827 0.752875 0.506030 0.752555 0.662284 0.774392 0.721513 0.739388
0 0.764814 0.768564 0.192128 0.055878 0.861178 0.764758 0.727797 0.740352 0.670013 0.774072 0.669050 0.775034 0.796655 0.796230 0.861178 0.764758
0 0.893286 0.790791 0.174072 0.047208 0.868181 0.767006 0.805823 0.795588 0.908870 0.814214 0.908128 0.813277 0.979895 0.782420 0.929817 0.770539 0.919223 0.776641 0.868181 0.767006
0 0.955092 0.804259 0.088309 0.046017 1.000000 0.791413 0.994705 0.790659 0.993627 0.782989 0.984283 0.782030 0.911691 0.813906 0.998837 0.828047 0.999377 0.827328 1.000000 0.827023 1.000000 0.791413
0 0.662890 0.791883 0.166405 0.043141 0.702303 0.812708 0.745966 0.789461 0.621088 0.769567 0.579561 0.794809 0.702303 0.812708
0 0.780244 0.808716 0.151113 0.039306 0.809059 0.828058 0.808700 0.827817 0.855956 0.806008 0.751202 0.788752 0.704844 0.812958 0.809059 0.828058
0 0.879216 0.823597 0.136558 0.034694 0.898687 0.840477 0.898855 0.841136 0.947561 0.820823 0.859697 0.806442 0.811003 0.826814 0.898687 0.840477
0 0.081477 0.787687 0.162953 0.047250 0.000000 0.805102 0.147306 0.811719 0.162953 0.786288 0.157198 0.786288 0.158278 0.775731 0.000000 0.764469 0.000000 0.805102
0 0.244584 0.800799 0.182919 0.042223 0.290498 0.786047 0.290678 0.790606 0.284923 0.793725 0.250209 0.790845 0.249850 0.784128 0.202727 0.780050 0.201467 0.784848 0.196970 0.788927 0.170711 0.787008 0.152905 0.812438 0.153264 0.812198 0.309384 0.822273 0.335823 0.794444 0.335823 0.789166 0.290498 0.786047
0 0.397154 0.810660 0.163058 0.036945 0.444219 0.829003 0.478752 0.802853 0.374431 0.792058 0.374252 0.797336 0.367777 0.799495 0.339719 0.796856 0.315694 0.822539 0.444219 0.829003
0 0.583084 0.809461 0.150544 0.034547 0.538761 0.792058 0.507106 0.811491 0.622756 0.826364 0.623477 0.826605 0.657650 0.806692 0.571136 0.794936 0.565202 0.795895 0.538761 0.792058
0 0.694487 0.822420 0.132723 0.032339 0.661759 0.806900 0.629123 0.825764 0.628656 0.826800 0.726878 0.839239 0.733730 0.836130 0.761380 0.821619 0.661759 0.806900
0 0.790998 0.835741 0.122620 0.027731 0.815478 0.849397 0.815700 0.849556 0.852777 0.834470 0.765902 0.821825 0.730156 0.839031 0.815478 0.849397
0 0.065206 0.818511 0.130412 0.024522 0.000000 0.825837 0.118447 0.830169 0.118291 0.830791 0.130412 0.812548 0.000000 0.806269 0.000000 0.825837
0 0.204719 0.825353 0.162562 0.025706 0.286747 0.820953 0.136308 0.812661 0.124652 0.831319 0.124184 0.831733 0.269652 0.838367 0.286747 0.820953
0 0.345480 0.833484 0.140959 0.023219 0.274377 0.839611 0.274967 0.839184 0.397464 0.845208 0.415336 0.829867 0.290850 0.821989 0.274377 0.839611
0 0.464271 0.840156 0.125417 0.020938 0.505533 0.849975 0.505377 0.850183 0.526202 0.837330 0.419122 0.829245 0.400784 0.844586 0.505533 0.849975
0 0.566101 0.848798 0.113452 0.022595 0.599884 0.858805 0.599730 0.859841 0.622420 0.846573 0.528861 0.837245 0.508969 0.850513 0.599884 0.858805
0 0.654877 0.857447 0.103505 0.021144 0.684169 0.867366 0.684014 0.866952 0.707170 0.855550 0.626044 0.846222 0.603666 0.859281 0.684169 0.867366
0 0.602441 0.864755 0.095508 0.017009 0.632009 0.873680 0.649589 0.864267 0.570233 0.856670 0.554081 0.867122 0.632009 0.873680
0 0.515796 0.857850 0.106592 0.018825 0.461800 0.859644 0.462419 0.859808 0.551431 0.867239 0.568392 0.856836 0.476780 0.848414 0.461800 0.859644
0 0.416693 0.851264 0.114636 0.015028 0.460484 0.859148 0.474350 0.849075 0.371967 0.844120 0.359714 0.854536 0.460484 0.859148
0 0.304567 0.847072 0.127884 0.016019 0.240725 0.850395 0.241159 0.850587 0.355734 0.854359 0.368609 0.843955 0.251495 0.838341 0.240725 0.850395
0 0.174233 0.840911 0.145341 0.019322 0.235811 0.850066 0.235686 0.850231 0.246828 0.838506 0.109659 0.830909 0.101487 0.845277 0.235811 0.850066
0 0.052592 0.835173 0.105184 0.020347 0.000000 0.843320 0.096708 0.846075 0.105184 0.830623 0.000000 0.825728 0.000000 0.843320
0 0.554513 0.872071 0.090277 0.016017 0.584166 0.880853 0.584308 0.880666 0.600272 0.871620 0.524547 0.864836 0.509995 0.873127 0.584166 0.880853
0 0.472744 0.867007 0.098613 0.015264 0.423416 0.867473 0.423416 0.867850 0.507477 0.874258 0.522028 0.864270 0.434434 0.858994 0.423416 0.867473
0 0.378898 0.860191 0.107797 0.014133 0.325423 0.862009 0.324858 0.862009 0.419798 0.867850 0.432655 0.858052 0.333194 0.853717 0.325423 0.862009
0 0.271837 0.855936 0.118673 0.011872 0.211959 0.859183 0.320884 0.861820 0.330633 0.853717 0.220012 0.849948 0.211959 0.859183
0 0.150217 0.852003 0.134809 0.013381 0.208867 0.859183 0.216920 0.850325 0.089909 0.845802 0.082111 0.858806 0.208867 0.859183
0 0.042171 0.851402 0.084342 0.015305 0.000000 0.857047 0.077420 0.858428 0.084342 0.845802 0.000000 0.843123 0.000000 0.857047
0 0.625403 0.836459 0.122681 0.026044 0.658231 0.849409 0.686231 0.835386 0.588500 0.823366 0.563550 0.839442 0.658231 0.849409
0 0.516526 0.823235 0.136177 0.033970 0.584656 0.822847 0.500238 0.815089 0.500080 0.811314 0.478700 0.809427 0.478858 0.805653 0.448480 0.830447 0.449459 0.830816 0.558875 0.839623 0.584656 0.822847