0 0.706387 0.287883 0.587773 0.575766 0.519169 0.000000 0.415172 0.000766 0.412227 0.011033 0.641009 0.575766 1.000000 0.527544 1.000000 0.000000 0.976434 0.000000 0.935578 0.003698 0.928150 0.000000 0.519169 0.000000
0 0.304303 0.313903 0.608606 0.627806 0.000000 0.233869 0.281634 0.628572 0.523181 0.596302 0.608606 0.577233 0.604680 0.556697 0.539873 0.398278 0.368041 0.000766 0.204064 0.002233 0.000000 0.081695 0.000000 0.233869
0 0.125598 0.473867 0.251195 0.391484 0.000000 0.669194 0.251195 0.632972 0.195227 0.543495 0.000000 0.277709 0.000000 0.669194
0 0.881609 0.660937 0.238217 0.215625 1.000000 0.553763 0.985656 0.553763 0.774547 0.581633 0.761783 0.591900 0.817752 0.769388 1.000000 0.757678 1.000000 0.553763
0 0.634559 0.690370 0.319117 0.199489 0.714652 0.591900 0.499616 0.619770 0.475069 0.630038 0.562458 0.789923 0.794186 0.772322 0.791239 0.747386 0.742145 0.597767 0.735272 0.590434 0.714652 0.591900
0 0.389204 0.717602 0.303408 0.178953 0.237448 0.662309 0.344475 0.807525 0.540856 0.789923 0.461322 0.635906 0.454448 0.628572 0.435792 0.630038 0.265923 0.652041 0.237448 0.662309
0 0.180456 0.740147 0.282788 0.158419 0.039105 0.688713 0.157916 0.819261 0.305200 0.810459 0.321892 0.803125 0.218792 0.660842 0.200136 0.662309 0.051870 0.681378 0.039105 0.688713
0 0.068648 0.759228 0.137295 0.143456 0.000000 0.830702 0.137295 0.817794 0.040087 0.707781 0.018486 0.687245 0.007684 0.688713 0.000000 0.690625 0.000000 0.830702
0 0.837313 0.815051 0.324625 0.089477 1.000000 0.770855 0.989583 0.770855 0.686177 0.792858 0.676358 0.795791 0.675375 0.803125 0.703850 0.860331 0.888448 0.854464 0.892375 0.842730 0.902194 0.854464 0.986637 0.851531 1.000000 0.847537 1.000000 0.770855
0 0.592119 0.833641 0.190488 0.070408 0.687158 0.858864 0.662611 0.798725 0.616463 0.800191 0.497652 0.807525 0.496670 0.814859 0.531036 0.869133 0.687158 0.858864
0 0.425290 0.843208 0.178705 0.064541 0.512380 0.847130 0.498634 0.835395 0.495688 0.819261 0.481942 0.810459 0.433828 0.811927 0.338584 0.819261 0.335639 0.826594 0.373933 0.875000 0.499616 0.872066 0.514344 0.864733 0.512380 0.847130
0 0.275649 0.851212 0.166923 0.058673 0.359205 0.873533 0.320911 0.822194 0.274761 0.823661 0.197191 0.828061 0.192281 0.835395 0.234503 0.880867 0.359205 0.873533
0 0.139669 0.859120 0.151212 0.055739 0.067580 0.836862 0.064634 0.844197 0.108820 0.886734 0.215847 0.879400 0.175589 0.830995 0.137295 0.832462 0.085255 0.833928 0.067580 0.836862
0 0.045082 0.863926 0.090164 0.049727 0.000000 0.889522 0.090164 0.885267 0.047942 0.839795 0.000000 0.841200 0.000000 0.889522