0 0.749069 0.938855 0.366887 0.121461 0.932720 0.999447 0.619845 0.878539 0.565833 1.000000 0.932720 0.999447
0 0.306347 0.852402 0.612694 0.295428 0.000000 1.000000 0.554403 0.996398 0.612694 0.879023 0.186512 0.704572 0.000000 0.938473 0.000000 1.000000
0 0.091472 0.777836 0.182944 0.299422 0.182944 0.705247 0.003655 0.628381 0.000000 0.927803 0.182944 0.705247
0 0.070327 0.461241 0.140655 0.163106 0.000000 0.542142 0.140655 0.411048 0.013787 0.379036 0.000000 0.387111 0.000000 0.542142
0 0.155125 0.509220 0.310250 0.199689 0.171514 0.609213 0.310322 0.446794 0.140655 0.409523 0.000072 0.540617 0.171514 0.609213
0 0.359888 0.572634 0.372902 0.251517 0.414963 0.699150 0.545559 0.498858 0.315527 0.447633 0.172658 0.609213 0.414963 0.699150
0 0.640372 0.663830 0.440119 0.330784 0.774994 0.829764 0.860797 0.573778 0.555547 0.498980 0.420678 0.698670 0.774994 0.829764
0 0.891316 0.741955 0.217006 0.330784 0.997941 0.604305 0.869858 0.576722 0.782994 0.826716 1.000000 0.907506 0.997941 0.604305
0 0.882700 0.496664 0.234150 0.221453 1.000000 0.421323 0.823655 0.385841 0.765850 0.550892 1.000000 0.607294 1.000000 0.421323
0 0.671717 0.448779 0.290309 0.197558 0.816139 0.386263 0.594131 0.350286 0.525830 0.496016 0.764706 0.547844 0.816139 0.386263
0 0.023455 0.370290 0.046911 0.040580 0.000000 0.389892 0.010739 0.376492 0.021289 0.379842 0.046911 0.357731 0.001606 0.349313 0.000000 0.389892
0 0.059922 0.375233 0.076094 0.034841 0.068513 0.391902 0.097886 0.363267 0.047916 0.357061 0.021792 0.380511 0.068513 0.391902
0 0.137646 0.385752 0.137792 0.052755 0.148389 0.412672 0.206305 0.359917 0.097650 0.365102 0.068513 0.393912 0.148389 0.412672
0 0.218877 0.405817 0.122130 0.052259 0.229270 0.432102 0.279561 0.381686 0.191091 0.379842 0.157431 0.413342 0.229270 0.432102
0 0.309362 0.414053 0.153100 0.071856 0.321205 0.450192 0.385887 0.378336 0.283023 0.379842 0.232788 0.430092 0.321205 0.450192
0 0.414311 0.411070 0.184872 0.078391 0.449811 0.450863 0.506578 0.372472 0.388522 0.374481 0.321706 0.450863 0.449811 0.450863
0 0.519634 0.407723 0.136142 0.081072 0.512725 0.370522 0.451820 0.448853 0.548275 0.447513 0.587962 0.367781 0.512725 0.370522
0 0.720720 0.368035 0.082066 0.023570 0.685334 0.356122 0.679880 0.363572 0.757492 0.379692 0.761945 0.370359 0.685334 0.356122
0 0.646830 0.356571 0.078034 0.019392 0.610237 0.347019 0.607712 0.353362 0.680975 0.366411 0.685747 0.356545 0.610237 0.347019
0 0.709427 0.343517 0.084478 0.043284 0.681452 0.322172 0.667611 0.353998 0.738964 0.365456 0.752089 0.331083 0.681452 0.322172
0 0.640927 0.333276 0.081853 0.041552 0.615606 0.313083 0.599598 0.345723 0.666656 0.354634 0.681452 0.322489 0.615606 0.313083
0 0.575909 0.324985 0.079944 0.040595 0.615348 0.311031 0.552770 0.305128 0.535405 0.337448 0.599359 0.345723 0.615348 0.311031
0 0.341352 0.368787 0.085828 0.015698 0.314002 0.361687 0.298308 0.377386 0.384136 0.375752 0.314002 0.361687
0 0.354434 0.354998 0.083867 0.034995 0.396153 0.347952 0.339261 0.337158 0.312286 0.363650 0.373102 0.372153 0.396153 0.347952
0 0.414840 0.362501 0.085930 0.028127 0.395908 0.348278 0.372366 0.371498 0.384872 0.376405 0.445197 0.373461 0.458295 0.356867 0.395908 0.348278
0 0.491996 0.365646 0.090242 0.015667 0.458703 0.357141 0.446669 0.372808 0.536911 0.371498 0.524405 0.365613 0.458703 0.357141
0 0.380810 0.330720 0.077245 0.033314 0.363073 0.314638 0.341712 0.338794 0.397869 0.347952 0.418958 0.324403 0.363073 0.314638
0 0.437284 0.341026 0.080819 0.032052 0.457705 0.356455 0.477706 0.330713 0.418712 0.324403 0.396888 0.347297 0.457705 0.356455
0 0.499670 0.348748 0.083716 0.034995 0.521953 0.365939 0.541664 0.338069 0.477813 0.330944 0.457948 0.356128 0.521953 0.365939
0 0.566289 0.354484 0.085703 0.030842 0.609450 0.354300 0.609195 0.346167 0.541548 0.339048 0.523747 0.363791 0.536717 0.368875 0.587578 0.369891 0.597242 0.351928 0.609450 0.354300
0 0.529484 0.326131 0.027719 0.021012 0.535445 0.336338 0.543328 0.317697 0.529850 0.315325 0.529752 0.316330 0.515609 0.334305 0.535445 0.336338
0 0.500230 0.326376 0.056711 0.015252 0.479198 0.320144 0.472122 0.328203 0.516117 0.333288 0.528833 0.318036 0.479198 0.320144
0 0.457517 0.323834 0.046284 0.010167 0.480259 0.319053 0.436009 0.323458 0.433975 0.324814 0.472377 0.329220 0.480259 0.319053
0 0.154182 0.350252 0.077114 0.025503 0.142652 0.337091 0.115233 0.362594 0.174639 0.359930 0.192347 0.343561 0.142652 0.337091
0 0.104317 0.347768 0.074259 0.033036 0.098952 0.364497 0.115233 0.363736 0.142080 0.336709 0.096125 0.331461 0.067820 0.358406 0.098952 0.364497
0 0.059719 0.341520 0.075687 0.033041 0.054703 0.325747 0.021266 0.352316 0.066678 0.358787 0.096953 0.332142 0.054703 0.325747
0 0.027691 0.335688 0.055381 0.033877 0.000000 0.350508 0.022536 0.352792 0.055381 0.324625 0.015109 0.318916 0.000000 0.332998 0.000000 0.350508
0 0.072961 0.320927 0.039672 0.013730 0.077945 0.328050 0.092197 0.314320 0.060522 0.314728 0.052525 0.324625 0.077945 0.328050
0 0.121373 0.329527 0.033372 0.012180 0.108791 0.325767 0.105408 0.330033 0.128784 0.335283 0.138780 0.323103 0.108791 0.325767
0 0.152661 0.331618 0.045947 0.016361 0.130213 0.336044 0.160202 0.339089 0.176159 0.322728 0.141066 0.323483 0.130213 0.336044
0 0.185505 0.329373 0.055384 0.024372 0.212898 0.317511 0.181027 0.317511 0.157514 0.337008 0.189909 0.341883 0.212898 0.317511
0 0.221979 0.329382 0.065833 0.030639 0.255220 0.313333 0.213083 0.316336 0.189387 0.343972 0.233277 0.342580 0.255220 0.313333
0 0.258405 0.332320 0.044934 0.020889 0.280823 0.322386 0.249009 0.322433 0.235889 0.340491 0.268806 0.343275 0.280823 0.322386
0 0.387536 0.315188 0.046947 0.011625 0.410925 0.310548 0.363978 0.309367 0.376962 0.318903 0.402042 0.320992 0.410925 0.310548