0 0.498938 0.727456 0.997877 0.542412 0.245163 0.455981 0.007013 0.525430 0.005336 0.525430 0.000305 0.997197 0.996505 0.998394 0.998181 0.526627 0.245163 0.455981
0 0.803195 0.459971 0.390764 0.129317 0.994828 0.524231 0.998181 0.402098 0.862336 0.394914 0.864272 0.397180 0.607417 0.484719 0.994828 0.524231
0 0.114557 0.476301 0.219739 0.090102 0.224450 0.460416 0.007680 0.431795 0.012134 0.433916 0.004711 0.521897 0.224450 0.460416
0 0.430443 0.425852 0.804636 0.120455 0.309787 0.365759 0.027516 0.432164 0.582325 0.486214 0.832152 0.390469 0.311950 0.368077 0.309787 0.365759
0 0.774411 0.369984 0.448822 0.055594 0.650473 0.342387 0.549894 0.376363 0.995472 0.397209 0.998716 0.351653 0.651555 0.341616 0.650473 0.342387
0 0.428080 0.352080 0.421784 0.044784 0.334630 0.330033 0.216747 0.359375 0.543359 0.374817 0.638531 0.340844 0.335591 0.330492 0.334630 0.330033
0 0.144321 0.391364 0.285517 0.073353 0.287027 0.365552 0.013406 0.354742 0.011244 0.355514 0.001509 0.428095 0.287027 0.365552
0 0.790979 0.239840 0.138208 0.060930 0.784114 0.209417 0.721430 0.270347 0.804505 0.270347 0.859638 0.209417 0.784814 0.211905 0.784114 0.209417
0 0.709351 0.242695 0.137452 0.060391 0.701039 0.217505 0.640620 0.271964 0.718409 0.273042 0.778072 0.212652 0.699528 0.213731 0.701039 0.217505
0 0.632209 0.243479 0.130044 0.055708 0.696759 0.215334 0.622261 0.218323 0.566716 0.269577 0.634475 0.271042 0.696759 0.215334
0 0.556912 0.245138 0.123200 0.052775 0.550289 0.218267 0.495533 0.271042 0.563978 0.269577 0.618733 0.219733 0.551237 0.220158 0.550289 0.218267
0 0.491035 0.247530 0.110195 0.051309 0.489373 0.224131 0.435987 0.270064 0.494164 0.272997 0.546183 0.221687 0.488772 0.223214 0.489373 0.224131
0 0.429368 0.247626 0.114986 0.048377 0.422983 0.226086 0.372334 0.271531 0.434619 0.272508 0.487320 0.224131 0.422028 0.224436 0.422983 0.226086
0 0.937546 0.173166 0.125092 0.055708 0.924872 0.147634 0.874908 0.201387 0.965939 0.198944 1.000000 0.145680 0.927744 0.148034 0.924872 0.147634
0 0.853609 0.176777 0.138467 0.059805 0.838820 0.153327 0.784686 0.207434 0.867311 0.206620 0.923153 0.147630 0.837680 0.152512 0.838820 0.153327
0 0.770511 0.183369 0.137897 0.057363 0.756766 0.160648 0.701492 0.211503 0.781267 0.212723 0.839389 0.155361 0.756706 0.158355 0.756766 0.160648
0 0.692230 0.187242 0.128209 0.055734 0.689097 0.163900 0.627556 0.215159 0.695934 0.215159 0.755766 0.159425 0.687605 0.163953 0.689097 0.163900
0 0.620493 0.192069 0.125361 0.052887 0.614450 0.165934 0.558037 0.216787 0.625277 0.218822 0.683398 0.166747 0.615020 0.168375 0.614450 0.165934
0 0.554849 0.195471 0.112823 0.047192 0.611164 0.172114 0.550823 0.174130 0.498341 0.218900 0.558172 0.219306 0.611164 0.172114
0 0.912974 0.122024 0.132198 0.056548 0.898384 0.100919 0.846531 0.150145 0.929156 0.147705 0.978730 0.093597 0.896106 0.099698 0.898384 0.100919
0 0.825759 0.128413 0.132769 0.053702 0.816331 0.107836 0.759919 0.155841 0.838553 0.153806 0.892688 0.102139 0.816548 0.107978 0.816331 0.107836
0 0.949168 0.074206 0.101461 0.048413 0.945491 0.051495 0.898539 0.098337 0.985153 0.093456 1.000000 0.072708 0.999967 0.049925 0.948114 0.051553 0.945491 0.051495
0 0.881568 0.077803 0.122511 0.052481 0.896830 0.100372 0.942416 0.051959 0.864350 0.058469 0.864920 0.059689 0.819905 0.104441 0.896830 0.100372
0 0.751666 0.135051 0.122081 0.051352 0.743628 0.114319 0.690631 0.160264 0.753092 0.159589 0.812712 0.108912 0.742681 0.114319 0.743628 0.114319
0 0.678086 0.142525 0.124922 0.050675 0.686845 0.167697 0.739842 0.117022 0.666359 0.121789 0.614920 0.167697 0.686845 0.167697
0 0.612273 0.145862 0.118297 0.047973 0.670756 0.122427 0.607202 0.126092 0.552459 0.170400 0.615867 0.169723 0.670756 0.122427
0 0.802095 0.086951 0.113566 0.052027 0.859086 0.061616 0.783494 0.069469 0.745520 0.113642 0.815553 0.109589 0.859086 0.061616