0 0.690764 0.715573 0.384653 0.287395 0.883480 0.696275 0.670059 0.571462 0.498827 0.672467 0.745120 0.858858 0.883480 0.696275
0 0.503812 0.577570 0.332623 0.192639 0.670381 0.573847 0.512119 0.480870 0.337758 0.543348 0.502736 0.673509 0.670381 0.573847
0 0.328198 0.483307 0.306397 0.141614 0.480742 0.486584 0.361214 0.413187 0.174345 0.460045 0.290845 0.554802 0.480742 0.486584
0 0.142131 0.557605 0.284262 0.196459 0.000000 0.656505 0.284262 0.555614 0.169653 0.460045 0.000000 0.501631 0.000000 0.656505
0 0.083969 0.446766 0.167938 0.112283 0.000000 0.502563 0.167938 0.460536 0.082864 0.390280 0.000000 0.405161 0.000000 0.502563
0 0.820132 0.597882 0.299639 0.189514 0.970480 0.594686 0.784995 0.502738 0.670841 0.569380 0.887423 0.692252 0.970480 0.594686
0 0.651280 0.500495 0.265059 0.138491 0.784214 0.505861 0.638784 0.431931 0.519155 0.477747 0.673969 0.570422 0.784214 0.505861
0 0.491664 0.433314 0.248953 0.104128 0.615641 0.438395 0.500391 0.380908 0.366687 0.414228 0.483970 0.485036 0.615641 0.438395
0 0.223991 0.408674 0.269856 0.104848 0.358222 0.414780 0.358809 0.412608 0.267583 0.356628 0.088953 0.388347 0.174959 0.461477 0.358222 0.414780
0 0.140282 0.349024 0.246189 0.079298 0.263689 0.358606 0.188192 0.309930 0.017500 0.331958 0.086969 0.389228 0.263689 0.358606
0 0.093383 0.303835 0.186766 0.060795 0.000000 0.318303 0.017500 0.333720 0.186766 0.310117 0.126002 0.272925 0.000000 0.287225 0.000000 0.318303
0 0.386463 0.375345 0.226050 0.081941 0.498480 0.381298 0.500248 0.379545 0.407841 0.333720 0.274198 0.356628 0.368808 0.415661 0.498480 0.381298
0 0.751839 0.452424 0.222428 0.104848 0.862928 0.455588 0.730478 0.399802 0.640500 0.433283 0.788698 0.504650 0.862928 0.455588
0 0.893243 0.523653 0.214611 0.134806 1.000000 0.513261 0.866766 0.456191 0.785389 0.503769 0.971959 0.590997 1.000000 0.557880 1.000000 0.513261
0 0.826591 0.416411 0.190681 0.082822 0.922481 0.422527 0.803914 0.374250 0.731800 0.399802 0.866766 0.457072 0.922481 0.422527
0 0.933474 0.467173 0.132573 0.090597 1.000000 0.450422 0.924325 0.421828 0.867427 0.456191 1.000000 0.512425 1.000000 0.450422
0 0.888288 0.390191 0.164075 0.067881 0.924136 0.423628 0.970636 0.395395 0.856180 0.355747 0.806561 0.374250 0.924136 0.423628
0 0.963077 0.422440 0.073030 0.057380 1.000000 0.407422 0.966005 0.394514 0.926970 0.422709 1.000000 0.451894 1.000000 0.407422
0 0.295524 0.326591 0.212923 0.062558 0.402217 0.334363 0.321612 0.294952 0.189294 0.309930 0.270669 0.357509 0.402217 0.334363
0 0.608033 0.396539 0.206691 0.083703 0.711564 0.403791 0.602789 0.354866 0.504873 0.380417 0.619991 0.438569 0.711564 0.403791
0 0.694733 0.369859 0.183216 0.067844 0.786005 0.378444 0.678873 0.336363 0.602789 0.356628 0.715261 0.404206 0.786005 0.378444
0 0.766459 0.350070 0.157919 0.056389 0.844731 0.359709 0.749002 0.321384 0.686813 0.339006 0.786712 0.377773 0.844731 0.359709
0 0.819890 0.333364 0.142905 0.051103 0.891906 0.341580 0.799945 0.308169 0.749002 0.322266 0.844933 0.359272 0.891906 0.341580
0 0.863005 0.319783 0.126011 0.045816 0.926617 0.323342 0.847580 0.296645 0.800606 0.310742 0.887275 0.342461 0.926617 0.323342
0 0.906441 0.306829 0.112883 0.038658 0.962903 0.313037 0.882811 0.287764 0.850020 0.297072 0.932264 0.326422 0.962903 0.313037
0 0.506271 0.347840 0.187542 0.064430 0.600000 0.356017 0.512442 0.316400 0.412458 0.332150 0.503841 0.380830 0.600000 0.356017
0 0.593938 0.331534 0.162877 0.053692 0.673705 0.338592 0.675856 0.335728 0.594686 0.304945 0.512980 0.317831 0.604900 0.358637 0.673705 0.338592
0 0.673407 0.316170 0.149939 0.047966 0.747850 0.319305 0.666717 0.292003 0.597911 0.305606 0.684994 0.339969 0.747850 0.319305
0 0.732754 0.303084 0.131133 0.043669 0.798925 0.306769 0.718859 0.281266 0.667792 0.292720 0.754337 0.324934 0.798925 0.306769
0 0.782842 0.292898 0.115684 0.035795 0.839919 0.298711 0.769927 0.274878 0.724234 0.282753 0.806480 0.310673 0.839919 0.298711
0 0.823101 0.281705 0.108702 0.032159 0.875822 0.287764 0.877553 0.286175 0.804328 0.266288 0.768852 0.275595 0.846258 0.298447 0.875822 0.287764
0 0.416563 0.308943 0.180000 0.052261 0.505914 0.315723 0.428584 0.283412 0.325914 0.294867 0.409770 0.335673 0.505914 0.315723
0 0.510658 0.297192 0.155691 0.044384 0.588575 0.304083 0.512442 0.275539 0.432884 0.283412 0.510292 0.319923 0.588575 0.304083
0 0.585278 0.286028 0.139306 0.040806 0.654436 0.294233 0.579097 0.266231 0.515130 0.275539 0.594148 0.307037 0.654436 0.294233
0 0.648086 0.278834 0.121172 0.035794 0.708870 0.284384 0.642528 0.260561 0.587698 0.268436 0.658655 0.296355 0.708870 0.284384
0 0.708223 0.269363 0.119570 0.029350 0.768011 0.275430 0.698433 0.254119 0.648441 0.261992 0.716172 0.283469 0.768011 0.275430
0 0.750851 0.261909 0.101702 0.030067 0.802284 0.265580 0.740361 0.246903 0.700583 0.254062 0.771539 0.276970 0.802284 0.265580
0 0.226292 0.286489 0.190084 0.051103 0.321588 0.294687 0.253898 0.260905 0.131503 0.273239 0.190384 0.312008 0.321588 0.294687
0 0.345725 0.275152 0.166450 0.044053 0.428287 0.284770 0.361077 0.253856 0.261838 0.261786 0.329320 0.297909 0.428287 0.284770
0 0.580639 0.253801 0.117528 0.032602 0.640033 0.260525 0.581388 0.237114 0.522505 0.245045 0.587342 0.269716 0.640033 0.260525
0 0.440900 0.268503 0.144300 0.037006 0.512655 0.274852 0.449730 0.249450 0.368355 0.254736 0.431205 0.286456 0.512655 0.274852
0 0.516323 0.260931 0.117020 0.034363 0.574689 0.264933 0.520520 0.243283 0.457669 0.251213 0.515228 0.277645 0.574689 0.264933
0 0.641820 0.250762 0.111766 0.026525 0.698245 0.253959 0.633558 0.237022 0.586480 0.240036 0.648948 0.263547 0.698245 0.253959
0 0.685034 0.242045 0.098192 0.024716 0.734466 0.245664 0.677467 0.229787 0.636273 0.237623 0.701911 0.254503 0.734466 0.245664
0 0.623581 0.225763 0.097162 0.026525 0.672778 0.230584 0.619072 0.212258 0.575616 0.218286 0.634464 0.238783 0.672778 0.230584
0 0.474336 0.236645 0.111172 0.029539 0.530164 0.241894 0.481008 0.222506 0.418992 0.227931 0.473313 0.252045 0.530164 0.241894
0 0.314184 0.244101 0.147117 0.031952 0.388278 0.253570 0.330789 0.228853 0.241161 0.233073 0.297292 0.260805 0.388278 0.253570
0 0.258774 0.220473 0.139423 0.025320 0.328980 0.227648 0.280544 0.207753 0.189556 0.209563 0.242067 0.233073 0.328980 0.227648
0 0.399270 0.241332 0.123541 0.029539 0.459800 0.248747 0.461120 0.247927 0.412270 0.226442 0.337580 0.230059 0.392353 0.255981 0.459800 0.248747
0 0.425024 0.217348 0.103173 0.025320 0.476967 0.222289 0.426756 0.204136 0.373794 0.206548 0.420419 0.229456 0.476967 0.222289
0 0.350093 0.219568 0.122061 0.023511 0.410753 0.225305 0.372887 0.207152 0.288692 0.208356 0.339844 0.230662 0.410753 0.225305
0 0.575880 0.228587 0.098636 0.025923 0.625806 0.235863 0.568362 0.216358 0.527170 0.221784 0.588280 0.242281 0.625806 0.235863
0 0.520469 0.213306 0.097188 0.020362 0.568578 0.216809 0.525861 0.202656 0.471391 0.203928 0.529684 0.223019 0.568578 0.216809
0 0.568610 0.209227 0.084095 0.018453 0.610912 0.212838 0.572209 0.200111 0.526817 0.203292 0.573642 0.218564 0.610912 0.212838