0 0.141352 0.179501 0.282703 0.059002 0.000000 0.197014 0.236739 0.208766 0.282703 0.157894 0.104459 0.149764 0.000000 0.190988 0.000000 0.197014
0 0.361291 0.190584 0.228831 0.062417 0.475477 0.221497 0.454959 0.169017 0.288572 0.159080 0.246645 0.207609 0.475477 0.221497
0 0.579563 0.200121 0.237252 0.062742 0.698869 0.232197 0.619128 0.173816 0.461617 0.169455 0.483841 0.221017 0.698869 0.232197
0 0.768320 0.208504 0.283514 0.067008 0.910136 0.241513 0.777702 0.181269 0.626622 0.174505 0.707728 0.233439 0.910136 0.241513
0 0.891938 0.214842 0.215125 0.064059 1.000000 0.213234 0.927802 0.187648 0.784875 0.182059 0.922206 0.242612 1.000000 0.246119 1.000000 0.213234
0 0.856276 0.298127 0.287552 0.124378 1.000000 0.278056 0.918561 0.244477 0.712448 0.235964 0.900373 0.360342 1.000000 0.360342 1.000000 0.278056
0 0.771998 0.652994 0.456495 0.587237 1.000000 0.433744 0.897464 0.364861 0.543505 0.359423 0.803344 0.946661 1.000000 0.928786 1.000000 0.433744
0 0.954591 0.393663 0.090433 0.059202 1.000000 0.364803 0.909567 0.364806 1.000000 0.424005 1.000000 0.364803
0 0.964031 0.259990 0.071813 0.029355 1.000000 0.247900 0.928187 0.245286 1.000000 0.274641 1.000000 0.247900
0 0.380302 0.674367 0.760603 0.651859 0.002634 1.000000 0.760603 0.950247 0.526237 0.359319 0.129881 0.348141 0.000233 0.494195 0.000000 0.731866 0.000000 1.000000 0.002634 1.000000
0 0.053466 0.403973 0.106933 0.123570 0.000000 0.464994 0.106933 0.347322 0.000000 0.341423 0.000000 0.464994
0 0.115320 0.269100 0.230639 0.141325 0.000000 0.335759 0.117350 0.340445 0.230639 0.210288 0.000000 0.199120 0.000000 0.335759
0 0.328647 0.280719 0.388544 0.139562 0.523222 0.350161 0.476409 0.224506 0.241833 0.210598 0.134678 0.339609 0.523222 0.350161
0 0.687163 0.292188 0.399327 0.134377 0.886428 0.358792 0.704219 0.236497 0.487102 0.224416 0.540147 0.352078 0.886428 0.358792