0 0.736034 0.047998 0.290819 0.095997 0.589936 0.000000 0.632584 0.095997 0.880755 0.000000 0.589936 0.000000
0 0.312600 0.137894 0.625200 0.275787 0.000000 0.000000 0.000000 0.043316 0.185189 0.275787 0.625200 0.095497 0.577820 0.000000 0.000000 0.000000
0 0.090753 0.204146 0.181506 0.298917 0.000000 0.352983 0.181506 0.275089 0.000000 0.054066 0.000000 0.352983
0 0.068922 0.530842 0.137844 0.161684 0.000000 0.608195 0.006859 0.612217 0.137844 0.579134 0.000000 0.450533 0.000000 0.608195
0 0.156508 0.478186 0.313016 0.206372 0.000000 0.452042 0.137844 0.580709 0.313016 0.542192 0.169705 0.374337 0.000000 0.442305 0.000000 0.452042
0 0.362813 0.411217 0.385002 0.259934 0.555887 0.488386 0.421053 0.281391 0.170886 0.374337 0.318391 0.541325 0.555887 0.488386
0 0.653763 0.317802 0.454402 0.341855 0.881355 0.410958 0.792766 0.146405 0.426953 0.281886 0.566198 0.488259 0.881355 0.410958
0 0.901049 0.241255 0.198973 0.332509 1.000000 0.075406 0.801027 0.149556 0.890709 0.407916 1.000000 0.384356 1.000000 0.075406
0 0.891150 0.494222 0.216675 0.222819 1.000000 0.382366 0.783325 0.434609 0.843006 0.605184 1.000000 0.573564 1.000000 0.382366
0 0.685802 0.539585 0.299730 0.204170 0.606034 0.641930 0.835247 0.604748 0.782145 0.437759 0.535517 0.491322 0.606034 0.641930
0 0.020529 0.626769 0.041058 0.031662 0.000000 0.641870 0.041058 0.634234 0.014606 0.611384 0.003714 0.614847 0.000000 0.610208 0.000000 0.641870
0 0.054906 0.616441 0.078563 0.036006 0.093688 0.628514 0.063361 0.598920 0.015125 0.610692 0.042095 0.634927 0.093688 0.628514
0 0.135195 0.605385 0.142264 0.054520 0.205625 0.631975 0.145830 0.577455 0.063361 0.596844 0.093444 0.626617 0.205625 0.631975
0 0.217734 0.584817 0.126092 0.054009 0.281258 0.609478 0.229336 0.557375 0.155166 0.576762 0.189916 0.611384 0.281258 0.609478
0 0.311847 0.576192 0.158069 0.074259 0.391034 0.612939 0.324252 0.538680 0.232966 0.559452 0.284833 0.611384 0.391034 0.612939
0 0.420435 0.578008 0.190870 0.081016 0.515641 0.619002 0.457031 0.537986 0.324770 0.537986 0.393753 0.616923 0.515641 0.619002
0 0.529655 0.582517 0.140559 0.083784 0.459106 0.540064 0.521988 0.621016 0.599666 0.623848 0.558691 0.541448 0.459106 0.540064
0 0.737677 0.623118 0.084730 0.024361 0.694566 0.628198 0.700197 0.635898 0.779295 0.621183 0.774697 0.611538 0.694566 0.628198
0 0.660596 0.635020 0.080567 0.020041 0.620056 0.638750 0.622664 0.645305 0.700623 0.635461 0.695697 0.625264 0.620056 0.638750
0 0.724860 0.648929 0.087220 0.044733 0.681898 0.638092 0.696189 0.670984 0.769119 0.661775 0.755567 0.626252 0.681898 0.638092
0 0.653192 0.658972 0.084509 0.042944 0.611680 0.646644 0.628208 0.680378 0.696189 0.670656 0.680913 0.637434 0.611680 0.646644
0 0.586581 0.667852 0.082537 0.041955 0.563331 0.688598 0.627941 0.682497 0.611433 0.646644 0.545403 0.655197 0.563331 0.688598
0 0.344307 0.622174 0.088614 0.016223 0.316817 0.630145 0.389227 0.615613 0.300613 0.613922 0.316817 0.630145
0 0.358920 0.636833 0.086589 0.036166 0.342894 0.655495 0.401633 0.644342 0.377833 0.619330 0.315044 0.628117 0.342894 0.655495
0 0.420921 0.630159 0.088717 0.029067 0.401380 0.644003 0.465791 0.635127 0.452269 0.617978 0.389986 0.614936 0.377073 0.620006 0.401380 0.644003
0 0.499711 0.626846 0.093172 0.016192 0.453787 0.618653 0.466212 0.634845 0.534047 0.626089 0.546959 0.620006 0.453787 0.618653
0 0.385188 0.660964 0.079752 0.034428 0.345427 0.653806 0.367480 0.678770 0.425178 0.668678 0.403405 0.644342 0.345427 0.653806
0 0.444845 0.652500 0.083441 0.033125 0.485833 0.662158 0.465181 0.635553 0.402392 0.645017 0.424925 0.668678 0.485833 0.662158
0 0.508841 0.643083 0.086431 0.036166 0.551866 0.654555 0.531514 0.625752 0.465434 0.635892 0.485942 0.661917 0.551866 0.654555
0 0.577054 0.637813 0.088483 0.031875 0.609247 0.640231 0.599270 0.621667 0.546758 0.622719 0.533367 0.627972 0.551747 0.653542 0.621587 0.646186 0.621850 0.637780 0.609247 0.640231
0 0.539309 0.667109 0.028619 0.021717 0.545445 0.656344 0.524966 0.658445 0.539567 0.677022 0.539669 0.678061 0.553584 0.675608 0.545445 0.656344
0 0.508963 0.667255 0.058552 0.015761 0.480067 0.664750 0.487373 0.673080 0.538619 0.675258 0.525491 0.659497 0.480067 0.664750
0 0.464518 0.669316 0.047786 0.010508 0.442783 0.669655 0.488469 0.674208 0.480330 0.663700 0.440683 0.668253 0.442783 0.669655
0 0.150746 0.642866 0.079617 0.026356 0.111597 0.629209 0.139905 0.655566 0.191214 0.648878 0.172931 0.631962 0.111597 0.629209
0 0.100834 0.643634 0.076669 0.034142 0.094789 0.627242 0.062647 0.633536 0.091869 0.661384 0.139316 0.655959 0.111597 0.628030 0.094789 0.627242
0 0.053134 0.649885 0.078144 0.034145 0.014581 0.639831 0.049105 0.667289 0.092725 0.660680 0.061467 0.633144 0.014581 0.639831
0 0.024902 0.656568 0.049803 0.035011 0.000000 0.666675 0.008225 0.674350 0.049803 0.668448 0.015892 0.639339 0.000000 0.640952 0.000000 0.666675
0 0.067355 0.672720 0.040959 0.014189 0.087814 0.679097 0.073100 0.664908 0.046855 0.668448 0.055111 0.678677 0.087814 0.679097
0 0.118790 0.664106 0.034455 0.012587 0.101455 0.662861 0.104947 0.667269 0.135909 0.670022 0.125588 0.657434 0.101455 0.662861
0 0.150282 0.661579 0.047439 0.016908 0.158025 0.653500 0.127062 0.656647 0.138267 0.669628 0.174502 0.670408 0.158025 0.653500
0 0.183278 0.662594 0.057181 0.025188 0.179527 0.675800 0.212433 0.675800 0.188697 0.650613 0.155252 0.655650 0.179527 0.675800
0 0.221485 0.664270 0.067970 0.031664 0.212622 0.677016 0.256128 0.680119 0.233470 0.649894 0.188158 0.648455 0.212622 0.677016
0 0.259134 0.659232 0.046392 0.021589 0.249716 0.670714 0.282561 0.670763 0.270153 0.649173 0.236169 0.652053 0.249716 0.670714
0 0.392984 0.677881 0.048469 0.012012 0.368414 0.684216 0.416883 0.682997 0.407712 0.672203 0.381819 0.674361 0.368414 0.684216