0 0.469195 0.827087 0.482141 0.344800 0.709872 1.000000 0.442380 0.655200 0.227731 0.808034 0.318758 1.000000 0.709872 1.000000
0 0.670268 0.775352 0.456161 0.450705 0.793492 1.000000 0.899042 0.834398 0.589422 0.549295 0.442881 0.657605 0.714289 1.000000 0.793492 1.000000
0 0.789751 0.650770 0.401377 0.364041 0.897747 0.832103 0.990798 0.680262 0.699538 0.468062 0.589422 0.550800 0.897747 0.832103
0 0.849092 0.545630 0.301309 0.266259 1.000000 0.542077 0.786784 0.412405 0.698691 0.471072 0.990922 0.678664 1.000000 0.652192 1.000000 0.542077
0 0.894400 0.450508 0.210675 0.182266 1.000000 0.438597 0.853700 0.359755 0.789325 0.407892 1.000000 0.542020 1.000000 0.438597
0 0.926990 0.380897 0.144605 0.118044 1.000000 0.361853 0.913158 0.321867 0.855395 0.361258 1.000000 0.439911 1.000000 0.361853
0 0.956427 0.327720 0.087853 0.074189 1.000000 0.311319 0.999973 0.310589 0.955347 0.290556 0.912147 0.319139 1.000000 0.364745 1.000000 0.311319
0 0.996000 0.260426 0.007625 0.011477 1.000000 0.254455 0.992375 0.262378 1.000000 0.265931 1.000000 0.254455
0 0.977005 0.286293 0.044636 0.047586 1.000000 0.266673 0.991384 0.262378 0.955364 0.289959 1.000000 0.309964 1.000000 0.266673
0 0.840459 0.304272 0.143417 0.077294 0.805142 0.264897 0.768989 0.284678 0.879030 0.342191 0.912406 0.318130 0.805142 0.264897
0 0.804465 0.328191 0.149555 0.084506 0.729145 0.307917 0.840697 0.369772 0.878700 0.343364 0.767667 0.285266 0.729145 0.307917
0 0.761459 0.354079 0.157294 0.095658 0.683403 0.333975 0.797739 0.402636 0.840697 0.371533 0.726361 0.306978 0.683403 0.333975
0 0.712812 0.385337 0.169373 0.105048 0.628366 0.358761 0.745197 0.437848 0.797739 0.402636 0.681420 0.332800 0.628366 0.358761
0 0.657311 0.419576 0.177122 0.120402 0.569397 0.389725 0.686466 0.479023 0.746519 0.437848 0.628878 0.358622 0.569397 0.389725
0 0.593518 0.460214 0.187036 0.142303 0.617627 0.530844 0.687552 0.480678 0.567597 0.388541 0.500516 0.423166 0.617627 0.530844
0 0.519071 0.504915 0.197517 0.166080 0.420639 0.463731 0.536534 0.588659 0.618156 0.529973 0.499194 0.422580 0.420639 0.463731
0 0.429677 0.560958 0.212480 0.196916 0.418711 0.462753 0.323763 0.512369 0.437437 0.659669 0.536242 0.589247 0.418711 0.462753
0 0.073376 0.610684 0.146752 0.168244 0.000000 0.577258 0.038364 0.694688 0.146752 0.636002 0.096381 0.526444 0.000000 0.569259 0.000000 0.577258
0 0.170730 0.562907 0.147711 0.147689 0.183944 0.488312 0.096194 0.527433 0.149066 0.636002 0.243905 0.585531 0.183944 0.488312
0 0.254927 0.520455 0.141103 0.128411 0.264348 0.456534 0.185084 0.488114 0.244566 0.584945 0.326187 0.542691 0.264348 0.456534
0 0.320239 0.485264 0.112353 0.114278 0.339048 0.536689 0.324508 0.513214 0.377050 0.482698 0.331534 0.427692 0.264697 0.458638 0.327483 0.541970 0.339048 0.536689
0 0.385444 0.443324 0.108387 0.080398 0.439836 0.451595 0.392581 0.402886 0.331448 0.428120 0.379364 0.483284 0.439836 0.451595
0 0.442010 0.416474 0.102770 0.073573 0.494030 0.422839 0.446356 0.379781 0.391259 0.403472 0.439506 0.453355 0.494030 0.422839
0 0.495452 0.392295 0.097153 0.065839 0.544259 0.399364 0.493167 0.358761 0.447106 0.381172 0.492708 0.424600 0.544259 0.399364
0 0.541148 0.368603 0.094795 0.062206 0.543928 0.399364 0.588164 0.377827 0.537650 0.337158 0.493369 0.358284 0.543928 0.399364
0 0.582969 0.350045 0.090938 0.056339 0.588209 0.377652 0.628917 0.356316 0.575652 0.321313 0.537980 0.339505 0.588209 0.377652
0 0.621869 0.331001 0.090612 0.055752 0.667191 0.338228 0.612267 0.303144 0.576578 0.321336 0.629450 0.358895 0.667191 0.338228
0 0.656979 0.314298 0.088958 0.050470 0.701886 0.319650 0.647956 0.288472 0.612928 0.303731 0.664809 0.338942 0.701886 0.319650
0 0.688767 0.296816 0.086909 0.049883 0.731891 0.303144 0.677697 0.271453 0.644981 0.287298 0.701158 0.321336 0.731891 0.303144
0 0.568489 0.311546 0.049478 0.029342 0.593672 0.310361 0.573934 0.296689 0.544194 0.309013 0.562698 0.326031 0.593672 0.310361
0 0.535480 0.325902 0.052211 0.029930 0.509827 0.325444 0.529323 0.340703 0.562037 0.326031 0.544523 0.310773 0.509827 0.325444
0 0.503338 0.341016 0.053552 0.032033 0.476997 0.337816 0.496200 0.357461 0.530548 0.341027 0.511100 0.325428 0.476997 0.337816
0 0.467745 0.356332 0.057366 0.034539 0.438834 0.354523 0.458870 0.373337 0.496200 0.356347 0.476594 0.338798 0.438834 0.354523
0 0.428295 0.373072 0.059714 0.036769 0.398842 0.370766 0.418405 0.391166 0.458556 0.373617 0.438323 0.354397 0.398842 0.370766
0 0.385671 0.390647 0.065092 0.040669 0.353664 0.388639 0.373427 0.410645 0.418756 0.391703 0.398208 0.369977 0.353664 0.388639
0 0.339200 0.410789 0.069025 0.043453 0.304088 0.407195 0.323236 0.431814 0.373113 0.410645 0.353508 0.388361 0.304088 0.407195
0 0.286405 0.431349 0.072811 0.047073 0.250111 0.428311 0.268811 0.455491 0.322922 0.432372 0.304258 0.408417 0.250111 0.428311
0 0.229168 0.453691 0.077086 0.051133 0.268183 0.454655 0.250111 0.428311 0.191097 0.451589 0.207566 0.479444 0.268183 0.454655
0 0.166491 0.480252 0.082981 0.057380 0.124898 0.476744 0.141063 0.508969 0.207880 0.480000 0.190627 0.451589 0.124898 0.476744
0 0.097141 0.508316 0.088031 0.063508 0.052728 0.505284 0.067198 0.540723 0.140759 0.508969 0.125231 0.477216 0.052728 0.505284
0 0.032893 0.537363 0.065786 0.062227 0.000000 0.568411 0.065786 0.541002 0.052455 0.506184 0.000000 0.525405 0.000000 0.568411
0 0.012581 0.511191 0.025162 0.028631 0.000000 0.525098 0.025162 0.515097 0.017833 0.496467 0.000000 0.501823 0.000000 0.525098
0 0.052316 0.493280 0.067131 0.042809 0.085706 0.490864 0.077822 0.472567 0.018575 0.493928 0.025791 0.515377 0.085706 0.490864
0 0.110357 0.471663 0.064464 0.040202 0.142014 0.469694 0.132059 0.451219 0.077550 0.471922 0.086020 0.491420 0.142014 0.469694
0 0.162463 0.450999 0.062425 0.039498 0.181594 0.431031 0.130564 0.450195 0.141858 0.470530 0.192989 0.449917 0.181594 0.431031
0 0.212221 0.432524 0.058817 0.036923 0.192062 0.450384 0.241312 0.431164 0.229200 0.413461 0.229236 0.413616 0.182495 0.432000 0.192062 0.450384
0 0.256906 0.414266 0.057563 0.034781 0.285858 0.413616 0.273375 0.397219 0.228295 0.413338 0.240058 0.432000 0.285858 0.413616
0 0.300023 0.397545 0.053170 0.032589 0.326323 0.397739 0.312050 0.381862 0.273153 0.398575 0.285073 0.414452 0.326323 0.397739
0 0.338772 0.383374 0.052544 0.029248 0.364752 0.383255 0.350634 0.369048 0.312208 0.382697 0.326009 0.398297 0.364752 0.383255
0 0.374468 0.369285 0.048936 0.029195 0.399100 0.369327 0.384727 0.354059 0.350164 0.368212 0.363183 0.383255 0.399100 0.369327
0 0.408372 0.355697 0.047994 0.027019 0.432969 0.355788 0.417755 0.342417 0.384975 0.355509 0.398620 0.369436 0.432969 0.355788
0 0.440401 0.342873 0.046427 0.026370 0.463241 0.343531 0.447983 0.329695 0.416814 0.342417 0.432028 0.356066 0.463241 0.343531
0 0.468918 0.330001 0.047211 0.025627 0.493042 0.330441 0.475475 0.317627 0.445831 0.329883 0.462770 0.343253 0.493042 0.330441