0 0.500000 0.270496 1.000000 0.540992 0.000000 0.000000 0.000000 0.470287 0.755659 0.540992 0.996027 0.471083 0.997720 0.471083 1.000000 0.257847 1.000000 0.000000 0.000000 0.000000
0 0.195015 0.536913 0.390030 0.130075 0.000000 0.595463 0.132734 0.602464 0.130783 0.600184 0.390030 0.512064 0.000000 0.472389 0.000000 0.595463
0 0.887456 0.520350 0.221787 0.090700 0.776564 0.536528 0.995355 0.565339 0.990858 0.563205 0.998352 0.474639 0.776564 0.536528
0 0.568567 0.571565 0.812134 0.121255 0.688248 0.629481 0.690433 0.631812 0.975334 0.564967 0.415355 0.510558 0.163200 0.606939 0.688248 0.629481
0 0.224045 0.627943 0.448089 0.055886 0.000000 0.646155 0.345480 0.656117 0.346572 0.655341 0.448089 0.621141 0.000000 0.600231 0.000000 0.646155
0 0.572232 0.645978 0.425714 0.045081 0.664388 0.667314 0.665358 0.667777 0.784339 0.638241 0.454683 0.622695 0.358625 0.656895 0.664388 0.667314
0 0.857360 0.605497 0.286595 0.073494 1.000000 0.569409 0.713405 0.632022 0.989573 0.642903 0.991758 0.642127 1.000000 0.580825 1.000000 0.569409
0 0.205685 0.758792 0.139495 0.061334 0.210980 0.786689 0.211686 0.789194 0.274955 0.727859 0.191105 0.727859 0.135459 0.789194 0.210980 0.786689
0 0.286554 0.755395 0.138733 0.060791 0.297059 0.784852 0.295536 0.781052 0.356517 0.726231 0.278003 0.725145 0.217784 0.785936 0.297059 0.784852
0 0.365627 0.754601 0.131255 0.056077 0.299855 0.783236 0.375047 0.780227 0.431109 0.728634 0.362719 0.727159 0.299855 0.783236
0 0.440298 0.753125 0.124347 0.053125 0.446731 0.778381 0.447689 0.780284 0.502955 0.727159 0.433873 0.728634 0.378608 0.778809 0.446731 0.778381
0 0.507173 0.750825 0.111222 0.051650 0.509780 0.775305 0.509172 0.774381 0.563056 0.728142 0.504337 0.725191 0.451834 0.776841 0.509780 0.775305
0 0.568966 0.749349 0.116058 0.048698 0.577145 0.774073 0.576181 0.772414 0.627303 0.726667 0.564438 0.725683 0.511245 0.774381 0.577145 0.774073
0 0.060023 0.824812 0.120047 0.055875 0.000000 0.853152 0.066719 0.850983 0.069617 0.851386 0.120047 0.797277 0.028167 0.799736 0.000000 0.843666 0.000000 0.853152
0 0.141753 0.820725 0.139756 0.060200 0.157622 0.846475 0.156470 0.845656 0.211108 0.791189 0.127714 0.792008 0.071352 0.851389 0.157622 0.846475
0 0.225841 0.814809 0.139183 0.057744 0.239348 0.840594 0.239289 0.838284 0.295078 0.787094 0.214559 0.785866 0.155895 0.843609 0.239348 0.840594
0 0.305327 0.810865 0.129405 0.056105 0.309095 0.834959 0.307589 0.835013 0.369703 0.783413 0.300687 0.783413 0.240298 0.839517 0.309095 0.834959
0 0.377327 0.806306 0.126528 0.053238 0.382356 0.830508 0.382931 0.832964 0.439869 0.781773 0.372003 0.779727 0.313341 0.832145 0.382356 0.830508
0 0.442876 0.803441 0.113877 0.047506 0.386247 0.826744 0.447150 0.824714 0.500123 0.779648 0.439734 0.779238 0.386247 0.826744
0 0.082341 0.876900 0.133431 0.056925 0.098652 0.899639 0.096350 0.898411 0.148688 0.848858 0.065294 0.851316 0.015256 0.905783 0.098652 0.899639
0 0.168566 0.870779 0.134006 0.054058 0.178950 0.891305 0.179169 0.891448 0.236108 0.843125 0.156739 0.845172 0.102102 0.897183 0.178950 0.891305
0 0.048098 0.925833 0.096195 0.048541 0.000000 0.949550 0.046158 0.948105 0.048805 0.948162 0.096195 0.901009 0.008775 0.905923 0.000000 0.918153 0.000000 0.949550
0 0.113389 0.921727 0.123653 0.052828 0.175563 0.894867 0.097920 0.898962 0.051909 0.947695 0.130703 0.941144 0.130128 0.939914 0.175563 0.894867
0 0.244423 0.864909 0.123220 0.051692 0.253505 0.884923 0.252550 0.884923 0.306041 0.838672 0.242998 0.839352 0.182820 0.890364 0.253505 0.884923
0 0.319293 0.856755 0.126086 0.051011 0.309861 0.831191 0.256370 0.882202 0.330538 0.877402 0.382456 0.831191 0.309861 0.831191
0 0.386262 0.852270 0.119398 0.048291 0.326100 0.876761 0.390247 0.873072 0.445498 0.828470 0.381502 0.829150 0.326100 0.876761
0 0.193249 0.912123 0.114623 0.052372 0.136016 0.937975 0.212311 0.930070 0.250639 0.885603 0.179955 0.889684 0.136016 0.937975