0 0.521084 0.684167 0.576544 0.630834 0.553330 0.368820 0.238914 0.752089 0.232034 0.749337 0.465266 0.999655 0.490722 0.999655 0.808578 0.431170 0.553330 0.368820
0 0.326813 0.538472 0.428625 0.414444 0.393509 0.332952 0.112805 0.612609 0.235269 0.745561 0.541430 0.367794 0.389381 0.331117 0.393509 0.332952
0 0.208672 0.454771 0.348594 0.300167 0.272806 0.305436 0.033756 0.524422 0.110539 0.605603 0.382350 0.328631 0.273319 0.306119 0.272806 0.305436
0 0.918065 0.287848 0.164255 0.328820 1.000000 0.124203 0.991358 0.125569 0.990845 0.126250 0.835745 0.416186 1.000000 0.453023 1.000000 0.124203
0 0.770891 0.269825 0.410533 0.286525 0.742564 0.132391 0.564939 0.360245 0.818323 0.412775 0.975472 0.126250 0.745123 0.133755 0.742564 0.132391
0 0.566707 0.245206 0.333414 0.227913 0.573489 0.137623 0.399400 0.322086 0.552573 0.358978 0.732814 0.131066 0.577180 0.137623 0.573489 0.137623
0 0.428241 0.227488 0.281481 0.183102 0.455178 0.140484 0.456391 0.141939 0.286748 0.298803 0.391047 0.319458 0.568230 0.136356 0.455178 0.140484
0 0.328447 0.218499 0.241269 0.155748 0.366828 0.148603 0.208495 0.281463 0.279703 0.297094 0.449764 0.141345 0.365991 0.146370 0.366828 0.148603
0 0.137277 0.403892 0.271428 0.232784 0.272562 0.303480 0.199678 0.287291 0.199259 0.287291 0.001553 0.456436 0.001134 0.479323 0.033388 0.520075 0.272562 0.303480
0 0.253896 0.213305 0.214042 0.132859 0.202506 0.279391 0.360420 0.146531 0.293684 0.150978 0.146378 0.267109 0.202506 0.279391
0 0.096968 0.361080 0.193936 0.175286 0.139242 0.273433 0.000597 0.385080 0.002272 0.448719 0.194533 0.285156 0.140919 0.273433 0.139242 0.273433
0 0.196395 0.210259 0.189666 0.117394 0.237653 0.152819 0.101450 0.256642 0.142437 0.268517 0.291116 0.151123 0.237908 0.152480 0.237653 0.152819
0 0.069791 0.322215 0.136456 0.119430 0.093037 0.263483 0.000878 0.335411 0.000878 0.381216 0.137334 0.270608 0.094056 0.261786 0.093037 0.263483
0 0.149985 0.204661 0.171845 0.106197 0.191561 0.153156 0.064778 0.249514 0.097620 0.258336 0.236623 0.152139 0.192325 0.153156 0.191561 0.153156
0 0.045953 0.292984 0.091906 0.079719 0.000358 0.332261 0.092264 0.259314 0.061267 0.252542 0.000358 0.296636 0.000358 0.332261