0 0.171694 0.381925 0.174638 0.173225 0.217130 0.295586 0.089333 0.398667 0.085152 0.468811 0.259789 0.319570 0.217130 0.295586
0 0.314776 0.253720 0.204552 0.132439 0.339777 0.198314 0.212545 0.299277 0.259553 0.320092 0.417097 0.187653 0.339777 0.198314
0 0.444957 0.136609 0.211789 0.123219 0.437094 0.111702 0.339286 0.197609 0.419763 0.186320 0.551075 0.074391 0.437094 0.111702
0 0.219829 0.483290 0.305283 0.338455 0.372438 0.364980 0.267122 0.314345 0.085136 0.465641 0.067155 0.652800 0.372438 0.364980
0 0.440129 0.259234 0.355258 0.230967 0.421958 0.182792 0.262222 0.311481 0.375298 0.375264 0.617480 0.144297 0.421958 0.182792
0 0.518717 0.681150 0.962434 0.637300 0.068802 0.657753 0.037566 1.000000 0.864861 0.996589 0.995314 0.783389 1.000000 0.650139 0.383036 0.362700 0.068802 0.657753
0 0.690659 0.356498 0.615694 0.537997 0.631797 0.141819 0.383542 0.362917 0.999236 0.624850 0.997570 0.086853 0.631797 0.141819
0 0.600783 0.090428 0.342191 0.174606 0.561809 0.067853 0.430417 0.177500 0.622633 0.151134 0.772608 0.002894 0.561809 0.067853
0 0.815521 0.069737 0.368542 0.139475 0.789272 0.000000 0.631458 0.131667 0.638462 0.139475 1.000000 0.086175 1.000000 0.000000 0.789272 0.000000
0 0.153066 0.339864 0.121758 0.123478 0.176962 0.277706 0.097889 0.336889 0.091642 0.401184 0.213400 0.297250 0.176962 0.277706
0 0.134889 0.296709 0.079153 0.087169 0.142697 0.252722 0.097986 0.279306 0.095761 0.339891 0.174914 0.278262 0.142697 0.252722
0 0.664288 0.034846 0.216075 0.069692 0.642778 0.000139 0.556848 0.069831 0.772923 0.002652 0.642778 0.000139
0 0.541264 0.055278 0.204403 0.110556 0.587120 0.000000 0.439653 0.110556 0.555737 0.070942 0.644056 0.000430 0.587120 0.000000