0 0.378775 0.320398 0.757550 0.400172 0.000000 0.395873 0.237863 0.520375 0.757550 0.442117 0.420036 0.120203 0.000000 0.318952 0.000000 0.395873
0 0.607541 0.539533 0.724456 0.188441 0.967867 0.621822 0.969380 0.619889 0.774497 0.445211 0.244923 0.522492 0.459577 0.633652 0.967867 0.621822
0 0.734875 0.681638 0.529125 0.110152 1.000000 0.650288 0.979264 0.626323 0.470875 0.636911 0.626216 0.721603 1.000000 0.736475 1.000000 0.650288
0 0.819287 0.761977 0.360448 0.083328 1.000000 0.735797 0.639552 0.720980 0.754581 0.784114 1.000000 0.804308 1.000000 0.735797
0 0.880030 0.817473 0.241311 0.066197 1.000000 0.804480 0.758689 0.784114 0.853178 0.834159 1.000000 0.850311 1.000000 0.804480
0 0.928757 0.858490 0.141889 0.048230 1.000000 0.851248 0.858111 0.834561 0.930603 0.874083 1.000000 0.882791 1.000000 0.851248
0 0.114407 0.479813 0.228814 0.153377 0.000000 0.556519 0.228814 0.520833 0.000000 0.403142 0.000000 0.556519
0 0.227401 0.582370 0.454802 0.117864 0.000000 0.565905 0.179472 0.640947 0.454802 0.632945 0.240667 0.523083 0.000000 0.557347 0.000000 0.565905
0 0.087923 0.606820 0.175847 0.079266 0.000000 0.639002 0.012833 0.645942 0.175847 0.640889 0.000000 0.566677 0.000000 0.639002
0 0.402143 0.676222 0.429286 0.080569 0.342345 0.707344 0.617231 0.715925 0.469442 0.635356 0.187945 0.642413 0.342345 0.707344
0 0.178191 0.674135 0.318881 0.063895 0.157194 0.699595 0.337028 0.706161 0.187609 0.642266 0.018147 0.647477 0.157194 0.699595
0 0.318761 0.730810 0.309397 0.058495 0.282391 0.747469 0.473164 0.760594 0.347756 0.707542 0.163767 0.702098 0.282391 0.747469
0 0.544520 0.744428 0.404664 0.076356 0.477678 0.761383 0.747578 0.783294 0.629387 0.718431 0.342914 0.706937 0.477678 0.761383
0 0.438620 0.775404 0.280364 0.050808 0.384877 0.785581 0.578087 0.800697 0.481712 0.760173 0.297723 0.749889 0.384877 0.785581
0 0.665786 0.796838 0.365947 0.071802 0.589847 0.803777 0.848467 0.833233 0.756081 0.782603 0.482520 0.761431 0.589847 0.803777
0 0.757752 0.839921 0.340503 0.070467 0.676634 0.842494 0.928370 0.874848 0.854167 0.834630 0.587867 0.804381 0.676634 0.842494