0 0.223028 0.500697 0.442931 0.198269 0.001667 0.543827 0.233734 0.600427 0.444598 0.452820 0.212898 0.402158 0.001975 0.469470 0.001667 0.543827
0 0.468789 0.575780 0.446953 0.248436 0.692828 0.505834 0.452508 0.451752 0.245875 0.600147 0.634700 0.700187 0.692828 0.505834
0 0.836270 0.491791 0.272539 0.136708 0.725434 0.424167 0.699495 0.505834 0.972034 0.560875 0.916194 0.458300 0.725434 0.424167
0 0.586166 0.446718 0.269206 0.118436 0.541002 0.387398 0.451959 0.453297 0.692828 0.505834 0.721166 0.422648 0.541002 0.387398
0 0.377731 0.400862 0.324213 0.098598 0.540305 0.386998 0.371158 0.352195 0.216092 0.402009 0.447792 0.450794 0.540305 0.386998
0 0.482620 0.354245 0.218366 0.064739 0.592120 0.348270 0.459727 0.321684 0.373755 0.351398 0.541278 0.386423 0.592120 0.348270
0 0.640829 0.384090 0.194158 0.074430 0.722972 0.422075 0.737937 0.374883 0.594620 0.347645 0.543780 0.387048 0.722972 0.422075
0 0.821249 0.416880 0.189373 0.083759 0.887637 0.402773 0.738875 0.375458 0.726180 0.423491 0.915553 0.459217 0.887637 0.402773
0 0.813648 0.373752 0.149172 0.056878 0.871647 0.365930 0.750080 0.345177 0.739403 0.376252 0.888575 0.402055 0.871647 0.365930
0 0.671989 0.349352 0.150228 0.051830 0.629719 0.322834 0.597109 0.348067 0.737816 0.374664 0.747337 0.343303 0.629719 0.322834
0 0.544516 0.324904 0.167156 0.046683 0.512663 0.300988 0.460633 0.320677 0.593406 0.347670 0.627789 0.322661 0.512663 0.300988
0 0.584209 0.304109 0.137167 0.036342 0.554198 0.286228 0.515467 0.300528 0.627962 0.322570 0.652634 0.304055 0.554198 0.286228
0 0.691145 0.324416 0.122916 0.039456 0.747213 0.343511 0.753228 0.321517 0.654397 0.304055 0.630312 0.322791 0.747213 0.343511
0 0.809973 0.344027 0.123070 0.044305 0.871859 0.366552 0.858984 0.339438 0.755839 0.322247 0.748789 0.344289 0.871859 0.366552