0 0.877753 0.308906 0.243006 0.214688 1.000000 0.329300 0.901589 0.204416 0.758866 0.202311 0.756994 0.202311 0.871172 0.416998 1.000000 0.415595 1.000000 0.329300
0 0.957551 0.260974 0.083852 0.109448 0.999858 0.206520 0.916006 0.207258 0.999389 0.315969 0.999858 0.206520
0 0.728733 0.305347 0.260591 0.220069 0.858863 0.415077 0.748895 0.198284 0.598272 0.195008 0.649691 0.412270 0.858863 0.415077
0 0.527781 0.303008 0.218062 0.215391 0.433353 0.198284 0.419316 0.410867 0.637378 0.409464 0.587308 0.195477 0.434758 0.195477 0.433353 0.198284
0 0.306517 0.301987 0.234909 0.219598 0.407464 0.409633 0.423375 0.192841 0.268394 0.194241 0.188466 0.412439 0.407464 0.409633
0 0.130713 0.302235 0.261425 0.216970 0.261425 0.193766 0.110567 0.194789 0.109884 0.193255 0.001008 0.359053 0.000000 0.408691 0.177805 0.410225 0.261425 0.193766
0 0.050540 0.268745 0.101080 0.146866 0.101080 0.196061 0.000736 0.197597 0.000000 0.199131 0.000394 0.342927 0.101080 0.196061
0 0.201306 0.689584 0.402613 0.538542 0.000000 0.956622 0.362139 0.959467 0.402613 0.420925 0.185073 0.421873 0.183808 0.420925 0.000000 0.933867 0.000000 0.956622
0 0.085419 0.648080 0.170838 0.452409 0.170838 0.423456 0.000000 0.421328 0.000067 0.873738 0.170838 0.423456
0 0.569980 0.693656 0.371209 0.540438 0.638541 0.422825 0.416573 0.424722 0.384322 0.963263 0.755531 0.962314 0.638541 0.422825
0 0.826800 0.689336 0.347350 0.522422 1.000000 0.698733 0.868292 0.428514 0.653283 0.429462 0.652650 0.427691 0.778494 0.950113 1.000000 0.942528 1.000000 0.698733
0 0.940215 0.547136 0.121055 0.234897 0.999833 0.429411 0.879912 0.429895 0.878945 0.429895 1.000000 0.664308 0.999833 0.429411