0 0.369834 0.817687 0.739669 0.341625 0.000000 0.961777 0.739669 0.988386 0.597970 0.691739 0.000000 0.646761 0.000000 0.961777
0 0.806827 0.841588 0.385528 0.298802 1.000000 0.717223 0.614472 0.692919 0.760534 0.988386 1.000000 0.991720 1.000000 0.717223
0 0.297373 0.596169 0.594747 0.182963 0.000000 0.642625 0.594747 0.687013 0.534212 0.551286 0.000000 0.504050 0.000000 0.642625
0 0.774045 0.636266 0.451214 0.166283 1.000000 0.593158 0.548786 0.553273 0.609583 0.687808 1.000000 0.719556 1.000000 0.593158
0 0.754856 0.533204 0.490963 0.119533 1.000000 0.568794 0.902134 0.509044 0.509038 0.472781 0.541798 0.549564 1.000000 0.592314 1.000000 0.568794
0 0.268364 0.488559 0.536728 0.127119 0.000000 0.502227 0.536728 0.552345 0.501409 0.472733 0.049216 0.425227 0.000000 0.465016 0.000000 0.502227
0 0.275054 0.423264 0.450108 0.093403 0.500866 0.470286 0.479445 0.417719 0.108430 0.376883 0.050758 0.425420 0.500866 0.470286
0 0.292850 0.378348 0.370075 0.075447 0.478198 0.416641 0.463495 0.379652 0.149622 0.341194 0.108123 0.375978 0.478198 0.416641
0 0.308080 0.348373 0.313034 0.059245 0.179950 0.318937 0.150930 0.341684 0.463964 0.378183 0.450894 0.353197 0.179950 0.318937
0 0.317672 0.327374 0.272844 0.051623 0.206095 0.301780 0.180991 0.318375 0.453834 0.353403 0.443052 0.333806 0.206095 0.301780
0 0.325027 0.311354 0.237553 0.044583 0.436498 0.317098 0.222489 0.288734 0.205825 0.301228 0.443378 0.333317 0.436498 0.317098
0 0.329308 0.296380 0.211741 0.039636 0.235917 0.277269 0.223142 0.287755 0.434883 0.316905 0.429328 0.302453 0.235917 0.277269
0 0.546311 0.333199 0.217622 0.041398 0.625241 0.334869 0.437389 0.312405 0.444578 0.328572 0.655011 0.353803 0.625241 0.334869
0 0.565559 0.350661 0.240494 0.045072 0.453664 0.346206 0.685072 0.373644 0.653050 0.353313 0.444578 0.328572 0.453664 0.346206
0 0.591344 0.373330 0.276438 0.052911 0.452747 0.346698 0.465103 0.370411 0.729184 0.399609 0.686706 0.373889 0.452747 0.346698
0 0.627698 0.402769 0.324145 0.064912 0.476950 0.399517 0.789636 0.434902 0.731472 0.399384 0.465491 0.369989 0.476950 0.399517