0 0.173173 0.622455 0.177597 0.176161 0.088305 0.606441 0.218269 0.711269 0.261650 0.686877 0.084053 0.535108 0.088305 0.606441
0 0.318072 0.753279 0.208019 0.134683 0.213605 0.707516 0.342994 0.810189 0.421623 0.821030 0.261409 0.686347 0.213605 0.707516
0 0.449877 0.873591 0.215378 0.125306 0.342494 0.810906 0.441959 0.898270 0.557872 0.936213 0.424336 0.822386 0.342494 0.810906
0 0.220853 0.520533 0.310456 0.344191 0.269106 0.692191 0.376208 0.640698 0.065752 0.348000 0.084036 0.538331 0.269106 0.692191
0 0.444702 0.747128 0.361278 0.234881 0.264125 0.695103 0.426567 0.825975 0.625403 0.865122 0.379117 0.630241 0.264125 0.695103
0 0.517876 0.321509 0.963877 0.643017 0.036123 0.000000 0.067425 0.342963 0.386986 0.643017 1.000000 0.357419 1.000000 0.199441 0.877964 0.000000 0.036123 0.000000
0 0.693750 0.652573 0.612500 0.539522 1.000000 0.382223 0.387500 0.642797 0.639964 0.867641 1.000000 0.921745 1.000000 0.382223
0 0.605420 0.915572 0.338966 0.168644 0.774134 1.000000 0.630644 0.858169 0.435169 0.831356 0.568789 0.942861 0.754209 1.000000 0.774134 1.000000
0 0.819253 0.935300 0.360381 0.129975 1.000000 0.922105 0.646742 0.870025 0.639619 0.877966 0.785886 1.000000 1.000000 1.000000 1.000000 0.922105
0 0.152536 0.665910 0.123822 0.125570 0.097006 0.669266 0.177419 0.729452 0.214475 0.709577 0.090653 0.603881 0.097006 0.669266
0 0.135560 0.709947 0.080495 0.088644 0.097105 0.727825 0.142573 0.754858 0.175336 0.728886 0.094841 0.666214 0.097105 0.727825
0 0.659187 0.970200 0.190248 0.059150 0.753992 1.000000 0.563744 0.940850 0.636675 1.000000 0.753992 1.000000
0 0.542090 0.950283 0.193555 0.100566 0.638117 1.000000 0.562614 0.939720 0.444562 0.899434 0.578705 1.000000 0.638117 1.000000