0 0.095505 0.639268 0.078511 0.062911 0.079764 0.607531 0.056564 0.669170 0.115241 0.670442 0.135075 0.608170 0.079764 0.607531
0 0.153680 0.639636 0.076111 0.069897 0.172266 0.670442 0.191352 0.607531 0.136728 0.604358 0.115241 0.674255 0.172266 0.670442
0 0.209534 0.640407 0.072194 0.068314 0.232595 0.674255 0.246113 0.605941 0.191273 0.609441 0.173919 0.671713 0.232595 0.674255
0 0.268087 0.640407 0.070550 0.068314 0.292098 0.674255 0.303972 0.605941 0.247470 0.606900 0.233422 0.672983 0.292098 0.674255
0 0.798222 0.639927 0.080819 0.067355 0.815231 0.605628 0.757553 0.605941 0.781348 0.672983 0.838372 0.672983 0.815231 0.605628
0 0.826110 0.710001 0.083470 0.076252 0.809214 0.747413 0.867297 0.747964 0.839198 0.671713 0.783827 0.675525 0.809214 0.747413
0 0.855927 0.788298 0.102478 0.089097 0.840211 0.833248 0.906966 0.833111 0.869777 0.744152 0.804487 0.746694 0.840211 0.833248
0 0.894434 0.882952 0.110742 0.100280 0.838372 0.833111 0.878441 0.933391 0.949114 0.923342 0.907792 0.833111 0.838372 0.833111
0 0.792334 0.788865 0.094044 0.090230 0.745155 0.750592 0.771431 0.834381 0.839198 0.831841 0.806141 0.744152 0.745155 0.750592
0 0.823295 0.883647 0.109089 0.101669 0.800948 0.933391 0.877214 0.934780 0.843331 0.833111 0.768125 0.834381 0.800948 0.933391
0 0.724959 0.789157 0.090542 0.087689 0.746638 0.745422 0.680063 0.749002 0.699531 0.833111 0.770605 0.830569 0.746638 0.745422
0 0.749354 0.880806 0.104958 0.105362 0.723458 0.933391 0.802009 0.932237 0.767298 0.828028 0.697052 0.833111 0.723458 0.933391
0 0.655814 0.792282 0.086628 0.087689 0.612903 0.749002 0.627631 0.833111 0.699531 0.835653 0.679697 0.747964 0.612903 0.749002
0 0.674999 0.883615 0.099998 0.104730 0.645967 0.936570 0.725150 0.933508 0.699531 0.831841 0.625152 0.833111 0.645967 0.936570
0 0.587599 0.790428 0.084573 0.090231 0.544711 0.749002 0.555731 0.835653 0.629284 0.833111 0.611102 0.745422 0.544711 0.749002
0 0.601381 0.883991 0.093387 0.105481 0.571433 0.936050 0.648292 0.930967 0.630938 0.830569 0.554905 0.834381 0.571433 0.936050
0 0.520030 0.789591 0.077559 0.088558 0.480652 0.745823 0.483831 0.834381 0.558211 0.834381 0.547467 0.747964 0.480652 0.745823
0 0.527027 0.883748 0.088428 0.101870 0.490984 0.934981 0.571433 0.933508 0.557384 0.833111 0.483005 0.833111 0.490984 0.934981
0 0.448773 0.790227 0.069420 0.089830 0.414527 0.745823 0.414411 0.835653 0.483831 0.833111 0.479698 0.746694 0.414527 0.745823
0 0.452905 0.883748 0.077684 0.101870 0.414527 0.934981 0.492095 0.932237 0.484658 0.835653 0.414411 0.833111 0.414527 0.934981
0 0.380204 0.789448 0.076033 0.085147 0.348295 0.753047 0.341684 0.831841 0.411105 0.828028 0.417717 0.746694 0.348295 0.753047
0 0.374199 0.882025 0.079648 0.101550 0.333936 0.933391 0.413584 0.932237 0.413584 0.834381 0.341684 0.831841 0.333936 0.933391
0 0.308923 0.787685 0.083470 0.084745 0.350775 0.747964 0.283308 0.745823 0.267305 0.830569 0.342511 0.828028 0.350775 0.747964
0 0.300329 0.882720 0.085033 0.102939 0.257478 0.933391 0.335900 0.933508 0.342511 0.830569 0.270611 0.830569 0.257478 0.933391
0 0.256221 0.711870 0.071817 0.070616 0.220281 0.747413 0.283008 0.744152 0.292098 0.676797 0.231769 0.676797 0.220281 0.747413
0 0.194320 0.711220 0.079266 0.072439 0.154156 0.744233 0.219372 0.746694 0.233422 0.676797 0.173919 0.674255 0.154156 0.744233
0 0.130857 0.708003 0.086714 0.075381 0.088030 0.745823 0.153258 0.745422 0.174744 0.671713 0.111936 0.670442 0.088030 0.745823
0 0.070041 0.708003 0.083833 0.075381 0.028103 0.745823 0.090448 0.744152 0.111936 0.671713 0.054911 0.670442 0.028103 0.745823
0 0.044811 0.790948 0.089622 0.088145 0.000000 0.834381 0.058067 0.834839 0.089622 0.746694 0.025986 0.747964 0.000000 0.807694 0.000000 0.834381
0 0.029522 0.881602 0.059044 0.106953 0.000000 0.932237 0.026038 0.934981 0.059044 0.833111 0.000000 0.828028 0.000000 0.932237
0 0.105333 0.791355 0.095041 0.088959 0.058217 0.835653 0.129359 0.831659 0.153258 0.746694 0.088795 0.751777 0.058217 0.835653
0 0.079777 0.883647 0.103305 0.101669 0.059044 0.833111 0.027639 0.928425 0.102019 0.934780 0.130944 0.833111 0.059044 0.833111
0 0.173811 0.789094 0.085122 0.090688 0.201684 0.834839 0.216892 0.744152 0.150778 0.747964 0.131770 0.831841 0.201684 0.834839
0 0.149909 0.881741 0.096692 0.097856 0.179703 0.930967 0.198711 0.835653 0.127638 0.833111 0.102019 0.928425 0.179703 0.930967
0 0.225464 0.883456 0.088428 0.104412 0.180530 0.924612 0.255411 0.934981 0.268958 0.830569 0.200364 0.830569 0.180530 0.924612
0 0.244770 0.790863 0.080166 0.091100 0.284661 0.746694 0.216148 0.745823 0.204495 0.836923 0.270611 0.833111 0.284661 0.746694