0 0.207155 0.727494 0.414309 0.445613 0.193837 0.505211 0.004048 0.594636 0.000000 0.950823 0.414309 0.606761 0.193837 0.505211
0 0.361703 0.800000 0.723406 0.400000 0.601202 1.000000 0.723406 0.754933 0.417014 0.600000 0.001284 0.951106 0.000000 1.000000 0.601202 1.000000
0 0.627574 0.588464 0.433273 0.320678 0.844223 0.493986 0.628819 0.428703 0.410950 0.601325 0.719241 0.749381 0.844223 0.493986
0 0.409627 0.490545 0.425503 0.221716 0.196528 0.502778 0.415008 0.601217 0.622031 0.429211 0.452181 0.379502 0.196528 0.502778
0 0.759030 0.419248 0.271186 0.154120 0.895220 0.382750 0.727733 0.341519 0.624034 0.431480 0.841594 0.495639 0.895220 0.382750
0 0.587648 0.369390 0.281547 0.120030 0.584502 0.309013 0.447306 0.380314 0.623425 0.429042 0.728853 0.340519 0.584502 0.309013
0 0.828068 0.335684 0.199886 0.093242 0.928130 0.318591 0.790205 0.288695 0.728244 0.340519 0.895830 0.381937 0.928130 0.318591
0 0.689271 0.303046 0.203542 0.077967 0.672178 0.264177 0.586861 0.310469 0.727634 0.342144 0.790403 0.290166 0.672178 0.264177
0 0.446961 0.330679 0.275172 0.092608 0.308834 0.337567 0.454052 0.377045 0.584006 0.309294 0.466686 0.284438 0.308834 0.337567
0 0.568686 0.277384 0.199872 0.064144 0.586113 0.308892 0.668364 0.264859 0.564755 0.244748 0.468492 0.284839 0.586113 0.308892
0 0.230559 0.342480 0.136119 0.078711 0.167056 0.320297 0.171939 0.330058 0.171939 0.343888 0.170108 0.356903 0.167667 0.367478 0.162784 0.382120 0.298903 0.337380 0.180244 0.303409 0.164005 0.310534 0.167056 0.320297
0 0.319883 0.296637 0.271016 0.080773 0.455164 0.280438 0.351942 0.256606 0.184148 0.304841 0.300123 0.337380 0.455164 0.280438
0 0.455438 0.253124 0.204625 0.056248 0.558106 0.242481 0.467433 0.225489 0.353481 0.257516 0.455009 0.281738 0.558106 0.242481
0 0.364702 0.235220 0.201278 0.048566 0.264416 0.237450 0.353825 0.258909 0.465694 0.227286 0.381369 0.210344 0.264416 0.237450
0 0.170006 0.304630 0.018138 0.018636 0.163989 0.300134 0.164413 0.305216 0.163989 0.314252 0.179161 0.302452 0.161023 0.295616 0.163989 0.300134
0 0.247934 0.270512 0.208369 0.066023 0.143416 0.263159 0.152500 0.272331 0.156078 0.278567 0.158005 0.282969 0.159106 0.288105 0.161033 0.291772 0.162134 0.293973 0.162134 0.296541 0.182503 0.304244 0.351784 0.257291 0.261941 0.238220 0.143416 0.263159
0 0.282405 0.215955 0.202311 0.044409 0.383162 0.211070 0.304267 0.194173 0.180852 0.220241 0.263978 0.238583 0.383162 0.211070
0 0.162138 0.242002 0.202402 0.043378 0.129367 0.251517 0.133181 0.255245 0.135469 0.256939 0.140809 0.260667 0.144878 0.263717 0.262867 0.236945 0.183530 0.220339 0.060466 0.243386 0.061727 0.245417 0.068847 0.245417 0.075966 0.246095 0.082831 0.245756 0.090206 0.244739 0.099616 0.242706 0.105464 0.241689 0.111058 0.241689 0.115127 0.242367 0.124534 0.248467 0.129367 0.251517
0 0.094914 0.224342 0.167953 0.039309 0.011508 0.220073 0.011631 0.224406 0.016462 0.226100 0.021548 0.228134 0.026380 0.230167 0.032738 0.234573 0.034009 0.234911 0.049775 0.240673 0.058420 0.244400 0.179461 0.218645 0.115634 0.205091 0.011508 0.220073
0 0.056468 0.204059 0.112936 0.029994 0.000000 0.203770 0.002067 0.205398 0.004205 0.206823 0.007259 0.210691 0.008788 0.213947 0.010772 0.219442 0.112936 0.203770 0.055406 0.189448 0.000234 0.195630 0.000000 0.202956 0.000000 0.203770
0 0.209633 0.198874 0.191141 0.038373 0.304547 0.193969 0.239898 0.180378 0.113406 0.204216 0.182603 0.218752 0.304547 0.193969
0 0.147219 0.186860 0.185062 0.036220 0.181172 0.168711 0.054936 0.189680 0.114120 0.204931 0.239998 0.181578 0.181172 0.168711