0 0.375241 0.672989 0.750483 0.395978 0.000000 0.673248 0.416739 0.870575 0.750483 0.552034 0.236602 0.474597 0.000000 0.598525 0.000000 0.673248
0 0.601931 0.455733 0.716363 0.186466 0.959945 0.376127 0.958450 0.374214 0.455839 0.362508 0.243583 0.472502 0.767239 0.548973 0.959945 0.376127
0 0.733683 0.315630 0.532991 0.109386 1.000000 0.260373 0.620616 0.275478 0.467009 0.359283 0.969720 0.369759 1.000000 0.334739 1.000000 0.260373
0 0.817473 0.233818 0.366197 0.083261 1.000000 0.192836 0.747547 0.213623 0.633803 0.276097 1.000000 0.261031 1.000000 0.192836
0 0.875758 0.180165 0.248391 0.066580 1.000000 0.147044 0.845042 0.164103 0.751609 0.213623 1.000000 0.192645 1.000000 0.147044
0 0.925041 0.138539 0.150081 0.048953 1.000000 0.114753 0.921602 0.124597 0.849919 0.163706 1.000000 0.146041 1.000000 0.114753
0 0.113827 0.515416 0.227653 0.152706 0.000000 0.591320 0.227653 0.474144 0.000000 0.438614 0.000000 0.591320
0 0.225559 0.413002 0.451117 0.116628 0.000000 0.437814 0.239375 0.471919 0.451117 0.363208 0.178862 0.355291 0.000000 0.430130 0.000000 0.437814
0 0.087640 0.389513 0.175280 0.079025 0.000000 0.429372 0.175280 0.355345 0.014086 0.350347 0.000000 0.357972 0.000000 0.429372
0 0.399745 0.321113 0.424489 0.079725 0.611731 0.281097 0.339917 0.289587 0.187242 0.353839 0.465594 0.360822 0.611731 0.281097
0 0.176409 0.322238 0.315317 0.063225 0.334658 0.290759 0.156834 0.297256 0.019341 0.348828 0.186911 0.353984 0.334658 0.290759
0 0.317032 0.266441 0.305939 0.057883 0.469273 0.236897 0.280633 0.249884 0.163334 0.294780 0.345267 0.289392 0.469273 0.236897
0 0.540696 0.251840 0.400142 0.075555 0.740622 0.214436 0.473738 0.236116 0.340480 0.289991 0.623752 0.278617 0.740622 0.214436
0 0.433928 0.222013 0.277231 0.050275 0.573025 0.197214 0.381973 0.212172 0.295794 0.247489 0.477727 0.237312 0.573025 0.197214
0 0.659054 0.201150 0.361858 0.071050 0.840383 0.165019 0.584653 0.194166 0.478525 0.236069 0.749031 0.215117 0.840383 0.165019
0 0.751162 0.158302 0.336698 0.069728 0.919394 0.123839 0.670470 0.155855 0.582695 0.193567 0.846020 0.163637 0.919394 0.123839