0 0.919769 0.967516 0.161413 0.066281 1.000000 0.978167 0.867175 0.933719 0.838588 1.000000 1.000000 1.000000 1.000000 0.978167
0 0.775829 0.948730 0.179783 0.103711 0.836417 1.000000 0.866123 0.929977 0.739828 0.896289 0.686341 1.000000 0.836417 1.000000
0 0.640095 0.930572 0.195816 0.139269 0.684795 1.000000 0.737723 0.900033 0.621953 0.860731 0.541908 1.000000 0.684795 1.000000
0 0.515671 0.911787 0.209467 0.176698 0.543852 1.000000 0.619848 0.858859 0.512498 0.823302 0.410381 1.000000 0.543852 1.000000
0 0.398659 0.897698 0.234817 0.204770 0.407769 1.000000 0.515655 0.825173 0.418830 0.795230 0.280837 1.000000 0.407769 1.000000
0 0.295555 0.884236 0.250484 0.230972 0.281936 1.000000 0.420934 0.791486 0.330423 0.769028 0.170450 0.989864 0.192312 1.000000 0.281936 1.000000
0 0.203977 0.869766 0.248580 0.248908 0.079737 0.958333 0.168344 0.993606 0.328317 0.765286 0.239911 0.744698 0.079737 0.958333
0 0.123476 0.839770 0.240702 0.245164 0.167292 0.716627 0.003420 0.923220 0.078886 0.961791 0.244122 0.746570 0.167292 0.716627
0 0.082594 0.813225 0.165187 0.226450 0.000000 0.922725 0.003109 0.926233 0.165187 0.722241 0.093620 0.699783 0.000000 0.803173 0.000000 0.922725
0 0.045777 0.746855 0.091555 0.128084 0.000000 0.810155 0.091555 0.702588 0.023789 0.682070 0.000000 0.713337 0.000000 0.810155
0 0.011298 0.692165 0.022597 0.037455 0.000000 0.711075 0.022597 0.680766 0.000000 0.673620 0.000000 0.711075
0 0.934109 0.834841 0.130719 0.285308 1.000000 0.705616 0.970317 0.692297 0.869281 0.931848 1.000000 0.977605 1.000000 0.705616
0 0.854339 0.807120 0.236803 0.264241 0.852105 0.675094 0.735619 0.898161 0.867175 0.939334 0.972422 0.697912 0.852105 0.675094
0 0.734691 0.774454 0.228758 0.248908 0.735619 0.649253 0.620527 0.857678 0.735619 0.898161 0.849284 0.673583 0.735619 0.649253
0 0.623551 0.743162 0.225227 0.230073 0.634833 0.628786 0.510392 0.827044 0.621953 0.858859 0.735619 0.651125 0.634833 0.628786
0 0.525595 0.716737 0.216816 0.220973 0.542064 0.605977 0.416778 0.797072 0.513803 0.826950 0.633594 0.626469 0.542064 0.605977
0 0.435177 0.691603 0.214105 0.205081 0.454645 0.589098 0.328427 0.769120 0.415694 0.794180 0.542531 0.608156 0.454645 0.589098
0 0.349511 0.670806 0.214647 0.197862 0.376716 0.572220 0.242784 0.744059 0.327342 0.770083 0.457431 0.590806 0.376716 0.572220
0 0.271593 0.653371 0.211936 0.187992 0.300139 0.558959 0.165369 0.721891 0.242338 0.746952 0.377305 0.572494 0.300139 0.558959
0 0.197821 0.633409 0.208142 0.176192 0.229108 0.545698 0.093820 0.699722 0.164827 0.721891 0.301963 0.559964 0.229108 0.545698
0 0.127238 0.617423 0.207600 0.172347 0.159986 0.531231 0.023355 0.684300 0.088942 0.703578 0.230955 0.547433 0.159986 0.531231
0 0.079974 0.601313 0.159948 0.165125 0.000000 0.675309 0.023897 0.684300 0.159948 0.532012 0.098320 0.519175 0.000000 0.625797 0.000000 0.675309
0 0.049349 0.566724 0.098698 0.117823 0.000000 0.624942 0.098698 0.519481 0.040041 0.507119 0.000000 0.551428 0.000000 0.624942
0 0.019537 0.524609 0.039075 0.049217 0.000000 0.549273 0.039075 0.507916 0.000000 0.500056 0.000000 0.549273
0 0.996460 0.689988 0.008545 0.026852 1.000000 0.677342 0.991455 0.701950 1.000000 0.704194 1.000000 0.677342
0 0.949840 0.672412 0.099680 0.063573 1.000000 0.660983 0.918844 0.639981 0.900320 0.682681 0.991455 0.703555 1.000000 0.673144 1.000000 0.660983
0 0.866155 0.651920 0.101061 0.060089 0.831627 0.622592 0.815500 0.661808 0.900320 0.682681 0.916561 0.640933 0.831627 0.622592
0 0.784046 0.637185 0.099342 0.058745 0.753430 0.607878 0.734205 0.647145 0.815500 0.666623 0.833547 0.624875 0.753430 0.607878
0 0.705779 0.620949 0.095933 0.054398 0.680488 0.594034 0.657639 0.632328 0.732938 0.648433 0.753572 0.609781 0.680488 0.594034
0 0.634109 0.605080 0.093219 0.053911 0.610203 0.578739 0.586866 0.616223 0.657458 0.632650 0.680084 0.593998 0.610203 0.578739
0 0.565111 0.592610 0.089597 0.050845 0.546555 0.566666 0.520203 0.603017 0.587175 0.617511 0.609800 0.580470 0.546555 0.566666
0 0.501345 0.579196 0.087064 0.049017 0.483023 0.554322 0.457212 0.589167 0.520745 0.603339 0.544277 0.565653 0.483023 0.554322
0 0.439888 0.566425 0.082902 0.048475 0.481320 0.555345 0.425106 0.541980 0.398419 0.578216 0.457066 0.590455 0.481320 0.555345
0 0.381895 0.555948 0.082539 0.046272 0.367880 0.532587 0.341222 0.566297 0.397514 0.578859 0.423761 0.541817 0.367880 0.532587
0 0.319520 0.542263 0.082791 0.047027 0.330794 0.565975 0.360187 0.529636 0.307444 0.518948 0.277397 0.555023 0.330794 0.565975
0 0.265159 0.531266 0.083444 0.046906 0.256745 0.508439 0.224181 0.544716 0.276492 0.555345 0.307625 0.519270 0.256745 0.508439
0 0.215907 0.522325 0.081814 0.044650 0.206369 0.500389 0.174405 0.534409 0.225086 0.545039 0.256219 0.509930 0.206369 0.500389
0 0.166746 0.514121 0.080367 0.043867 0.158708 0.491534 0.127003 0.524772 0.175513 0.535402 0.207370 0.500292 0.158708 0.491534
0 0.119714 0.502752 0.076928 0.043005 0.114192 0.481445 0.081933 0.516077 0.127908 0.524450 0.158861 0.491595 0.114192 0.481445
0 0.076621 0.493269 0.075117 0.042787 0.071659 0.472322 0.038853 0.507056 0.083742 0.515109 0.113970 0.482255 0.071659 0.472322
0 0.035355 0.484757 0.070709 0.041389 0.000000 0.498416 0.039758 0.505125 0.070709 0.474847 0.031541 0.463736 0.000000 0.495767 0.000000 0.498416
0 0.014720 0.477124 0.029441 0.038623 0.000000 0.497078 0.029441 0.465828 0.000000 0.458455 0.000000 0.497078
0 0.019842 0.384698 0.039684 0.044395 0.000000 0.407394 0.039684 0.369716 0.004462 0.362998 0.000000 0.368084 0.000000 0.407394
0 0.038161 0.409634 0.076322 0.081769 0.000000 0.450242 0.076322 0.374272 0.039034 0.368473 0.000000 0.407391 0.000000 0.450242
0 0.058152 0.419176 0.116305 0.091477 0.000000 0.457661 0.032338 0.465105 0.116305 0.378034 0.075778 0.373628 0.000000 0.449258 0.000000 0.457661
0 0.094681 0.425796 0.126862 0.095342 0.072520 0.473802 0.157933 0.385278 0.116867 0.378459 0.031070 0.464783 0.072520 0.473802
0 0.136240 0.434414 0.128730 0.096953 0.201069 0.393059 0.157773 0.385223 0.072339 0.472836 0.114875 0.482177 0.201069 0.393059
0 0.182259 0.441237 0.130144 0.098098 0.160195 0.490730 0.246830 0.400684 0.201216 0.392631 0.116686 0.480566 0.160195 0.490730
0 0.227986 0.449934 0.130972 0.099867 0.162480 0.489906 0.207253 0.499584 0.293452 0.408092 0.246103 0.399717 0.162480 0.489906
0 0.274249 0.458334 0.132873 0.101044 0.208197 0.498925 0.257767 0.508170 0.341070 0.415502 0.292545 0.407127 0.208197 0.498925
0 0.324760 0.467380 0.133895 0.103511 0.257264 0.507622 0.309156 0.518367 0.391159 0.423553 0.341433 0.414856 0.257264 0.507622
0 0.376387 0.474538 0.134023 0.105327 0.308981 0.517930 0.360569 0.527914 0.443005 0.430639 0.390978 0.422588 0.308981 0.517930
0 0.436867 0.485895 0.133109 0.112414 0.370761 0.530173 0.425266 0.541766 0.503870 0.438370 0.450294 0.429352 0.370761 0.530173
0 0.494384 0.495434 0.135644 0.115869 0.562244 0.444531 0.504638 0.437937 0.426600 0.539655 0.484755 0.553806 0.562244 0.444531
0 0.550685 0.507256 0.138870 0.117637 0.620642 0.454109 0.559312 0.447667 0.481772 0.553806 0.546389 0.565305 0.620642 0.454109
0 0.616669 0.516367 0.136462 0.126484 0.611005 0.580342 0.684839 0.463689 0.622934 0.453858 0.548377 0.565305 0.611005 0.580342
0 0.680337 0.529073 0.141923 0.130022 0.751934 0.474005 0.685562 0.463588 0.610011 0.580342 0.681586 0.593609 0.751934 0.474005
0 0.751931 0.541102 0.144487 0.135328 0.823588 0.484319 0.752663 0.473317 0.679100 0.593609 0.753658 0.608645 0.823588 0.484319
0 0.827300 0.554457 0.145225 0.143289 0.832687 0.625452 0.899380 0.493161 0.822747 0.482162 0.754155 0.607761 0.832687 0.625452
0 0.907441 0.566721 0.146131 0.145942 0.919670 0.639603 0.980845 0.508697 0.901319 0.493661 0.834714 0.624567 0.919670 0.639603
0 0.959641 0.584579 0.081781 0.150408 1.000000 0.513148 0.980845 0.508697 0.918219 0.642256 1.000000 0.659105 1.000000 0.513148
0 0.991147 0.503159 0.016669 0.018819 1.000000 0.493833 0.990289 0.493661 0.983331 0.509581 1.000000 0.512480 1.000000 0.493833
0 0.954609 0.495296 0.068592 0.024967 0.927842 0.482845 0.920206 0.495430 0.983828 0.507812 0.988798 0.493661 0.927842 0.482845
0 0.892109 0.485094 0.068592 0.026438 0.864888 0.472530 0.858075 0.486584 0.919213 0.498967 0.926667 0.481278 0.864888 0.472530
0 0.829361 0.475569 0.068097 0.026138 0.805661 0.462216 0.795944 0.479508 0.857081 0.488353 0.864041 0.475086 0.805661 0.462216
0 0.772116 0.467387 0.066106 0.025398 0.750162 0.454109 0.738287 0.472433 0.796939 0.479508 0.804394 0.464472 0.750162 0.454109
0 0.717312 0.460270 0.062748 0.023666 0.695909 0.447670 0.685158 0.463027 0.737634 0.471336 0.747906 0.455716 0.695909 0.447670
0 0.664628 0.452256 0.060506 0.023262 0.644634 0.440761 0.634177 0.456712 0.684972 0.464023 0.694683 0.449402 0.644634 0.440761
0 0.615445 0.445263 0.059014 0.021777 0.595852 0.434936 0.585247 0.450398 0.634363 0.456712 0.644261 0.441427 0.595852 0.434936
0 0.566452 0.438759 0.057905 0.021269 0.585972 0.449734 0.595695 0.434381 0.548809 0.428466 0.537791 0.443753 0.585972 0.449734
0 0.521389 0.432762 0.055278 0.021773 0.503567 0.421647 0.493344 0.434780 0.538164 0.443420 0.548622 0.429462 0.503567 0.421647
0 0.477266 0.425086 0.054531 0.022047 0.461084 0.414727 0.449831 0.429462 0.493158 0.436773 0.504362 0.421819 0.461084 0.414727
0 0.433609 0.422059 0.054717 0.025369 0.417981 0.409744 0.406133 0.425475 0.444977 0.435112 0.460850 0.415505 0.417981 0.409744
0 0.392970 0.415017 0.051564 0.020659 0.418084 0.409191 0.377522 0.404483 0.366520 0.419161 0.405759 0.425142 0.418084 0.409191
0 0.352870 0.408684 0.049489 0.020492 0.339547 0.398669 0.328423 0.411850 0.366334 0.419161 0.377912 0.405536 0.339547 0.398669
0 0.314435 0.403388 0.047620 0.019275 0.300411 0.393572 0.290888 0.405203 0.328423 0.412847 0.338508 0.399886 0.300411 0.393572
0 0.277752 0.396805 0.046128 0.018609 0.263995 0.388255 0.254097 0.401216 0.290514 0.406864 0.300225 0.395566 0.263995 0.388255
0 0.240344 0.392734 0.046312 0.016719 0.227817 0.384828 0.217495 0.395566 0.254284 0.401547 0.263808 0.389252 0.227817 0.384828
0 0.206131 0.386705 0.043512 0.017161 0.193272 0.378738 0.184253 0.389916 0.218242 0.395898 0.227766 0.384598 0.193272 0.378738
0 0.172955 0.382644 0.042786 0.015288 0.184317 0.390248 0.194048 0.379567 0.161161 0.374961 0.151263 0.383934 0.184317 0.390248
0 0.139105 0.377534 0.040711 0.014444 0.127773 0.370155 0.119516 0.378617 0.151823 0.384598 0.160227 0.374961 0.127773 0.370155
0 0.108111 0.371794 0.038097 0.012337 0.096341 0.366280 0.088328 0.373964 0.119330 0.378617 0.126425 0.371306 0.096341 0.366280
0 0.076768 0.367881 0.037911 0.013888 0.065841 0.360742 0.057702 0.369644 0.088889 0.374630 0.095613 0.367319 0.065841 0.360742
0 0.046613 0.364589 0.036977 0.013553 0.036897 0.357420 0.028008 0.365989 0.057702 0.370973 0.064984 0.362333 0.036897 0.357420
0 0.018020 0.359541 0.036039 0.012831 0.000000 0.362089 0.029130 0.366653 0.036039 0.357681 0.007331 0.353822 0.000000 0.361417 0.000000 0.362089
0 0.003920 0.357362 0.007839 0.008473 0.000000 0.361666 0.007839 0.354691 0.000000 0.353192 0.000000 0.361666
0 0.035294 0.325055 0.070587 0.059486 0.000000 0.352650 0.007839 0.354070 0.070587 0.297242 0.043695 0.294584 0.000000 0.333725 0.000000 0.352650
0 0.007555 0.298860 0.015111 0.016470 0.000000 0.306702 0.015111 0.292364 0.000000 0.290231 0.000000 0.306702
0 0.020938 0.313223 0.041877 0.042070 0.000000 0.334328 0.041877 0.294855 0.014936 0.292258 0.000000 0.307528 0.000000 0.334328
0 0.054155 0.327615 0.089559 0.061480 0.098519 0.299284 0.070961 0.296578 0.008959 0.353405 0.036786 0.358058 0.098519 0.299284
0 0.083508 0.331903 0.092016 0.063806 0.129175 0.302606 0.098973 0.299569 0.037159 0.357725 0.067039 0.363375 0.129175 0.302606
0 0.111880 0.334364 0.092511 0.062478 0.158430 0.307312 0.127919 0.303223 0.065919 0.362709 0.097853 0.365702 0.158430 0.307312
0 0.144614 0.338486 0.092353 0.064472 0.190019 0.310081 0.158173 0.306547 0.097666 0.366366 0.129041 0.371019 0.190019 0.310081
0 0.176049 0.341777 0.092723 0.064803 0.221764 0.313127 0.190667 0.309870 0.129041 0.370353 0.160787 0.374673 0.221764 0.313127
0 0.208253 0.344995 0.094631 0.064989 0.161161 0.375006 0.195309 0.378183 0.255792 0.317847 0.222414 0.313194 0.161161 0.375006
0 0.242809 0.351084 0.094994 0.067794 0.227780 0.384975 0.289719 0.320048 0.255980 0.317181 0.194725 0.379327 0.227780 0.384975
0 0.278198 0.354716 0.097022 0.068808 0.230458 0.385641 0.265603 0.388980 0.327480 0.324492 0.291525 0.320172 0.230458 0.385641
0 0.314366 0.358505 0.097483 0.070134 0.302616 0.393962 0.362402 0.328813 0.325052 0.323828 0.264919 0.389295 0.302616 0.393962
0 0.350668 0.364865 0.098211 0.070355 0.301334 0.394945 0.340430 0.399500 0.399545 0.333133 0.361914 0.329145 0.301334 0.394945
0 0.387609 0.369368 0.097092 0.073111 0.436878 0.336658 0.398425 0.333133 0.339786 0.400263 0.379191 0.406244 0.436878 0.336658
0 0.426934 0.374387 0.097619 0.073775 0.476248 0.340256 0.436148 0.336789 0.378630 0.404916 0.418967 0.410564 0.476248 0.340256
0 0.469571 0.379174 0.098517 0.077098 0.518419 0.344963 0.476486 0.340112 0.419902 0.409567 0.460427 0.417211 0.518419 0.344963
0 0.510723 0.382631 0.099572 0.077762 0.560745 0.349116 0.518131 0.344433 0.461173 0.415550 0.505433 0.422195 0.560745 0.349116
0 0.555276 0.388345 0.101177 0.079814 0.504498 0.421531 0.550319 0.428567 0.605675 0.355067 0.560897 0.348753 0.504498 0.421531
0 0.600377 0.394898 0.100753 0.080422 0.650030 0.360189 0.604367 0.355398 0.549277 0.429839 0.596337 0.435820 0.650030 0.360189
0 0.646762 0.400834 0.102898 0.082917 0.595777 0.435984 0.643772 0.442467 0.698675 0.364203 0.650867 0.359550 0.595777 0.435984
0 0.696441 0.406766 0.102258 0.085406 0.694006 0.449609 0.747897 0.370670 0.698489 0.364203 0.645639 0.440636 0.694006 0.449609
0 0.748307 0.413182 0.105989 0.085739 0.801116 0.375930 0.747417 0.370184 0.695127 0.447616 0.749098 0.455923 0.801116 0.375930
0 0.802767 0.419531 0.108659 0.089063 0.857758 0.381744 0.801575 0.374836 0.749098 0.455259 0.806803 0.463898 0.857758 0.381744
0 0.860408 0.425263 0.108316 0.091152 0.806202 0.463812 0.864916 0.470886 0.914517 0.387045 0.856998 0.379734 0.806202 0.463812
0 0.918052 0.436086 0.107978 0.094047 0.972447 0.394966 0.913209 0.388375 0.864469 0.472784 0.927030 0.482422 0.972447 0.394966
0 0.963234 0.444589 0.073344 0.098553 1.000000 0.398484 0.973344 0.394689 0.926656 0.483419 0.990187 0.493242 1.000000 0.473295 1.000000 0.398484
0 0.997263 0.483545 0.007025 0.017089 1.000000 0.474609 0.992975 0.491395 1.000000 0.491698 1.000000 0.474609
0 0.998479 0.318019 0.003208 0.007912 1.000000 0.313675 0.996792 0.320661 1.000000 0.321588 1.000000 0.313675
0 0.980189 0.311352 0.038503 0.022705 1.000000 0.300861 0.972588 0.299284 0.961497 0.318666 0.996045 0.321989 1.000000 0.314077 1.000000 0.300861
0 0.949788 0.308421 0.043327 0.023092 0.938664 0.296239 0.928442 0.315675 0.962244 0.319331 0.971769 0.298063 0.938664 0.296239
0 0.917349 0.305073 0.044073 0.022647 0.906297 0.294025 0.895014 0.314345 0.928816 0.316672 0.939087 0.297397 0.906297 0.294025
0 0.883883 0.302736 0.042766 0.021097 0.874084 0.292917 0.863080 0.312352 0.894455 0.314014 0.905845 0.294739 0.874084 0.292917
0 0.852539 0.301477 0.042578 0.021705 0.843584 0.290980 0.831894 0.310027 0.863453 0.312684 0.874472 0.293409 0.843584 0.290980
0 0.821196 0.299720 0.042392 0.021316 0.812619 0.289042 0.800519 0.307700 0.831894 0.310358 0.842911 0.291416 0.812619 0.289042
0 0.791602 0.297991 0.042580 0.020983 0.782273 0.287381 0.769813 0.307034 0.801000 0.308364 0.812392 0.289422 0.782273 0.287381
0 0.761634 0.296291 0.042019 0.020706 0.752903 0.285997 0.740680 0.304709 0.769813 0.306703 0.782698 0.287095 0.752903 0.285997
0 0.732949 0.294810 0.040898 0.020870 0.726409 0.283781 0.713039 0.301328 0.740678 0.304652 0.753937 0.285709 0.726409 0.283781
0 0.978677 0.335267 0.041730 0.029909 1.000000 0.322342 0.971427 0.319987 0.958270 0.345794 0.998131 0.349897 1.000000 0.345423 1.000000 0.322342
0 0.945681 0.331078 0.053863 0.030906 0.932022 0.316331 0.918123 0.342748 0.957420 0.347237 0.971986 0.319655 0.932022 0.316331
0 0.904550 0.329552 0.052850 0.027853 0.931461 0.316664 0.893225 0.315064 0.878611 0.340923 0.917455 0.342917 0.931461 0.316664
0 0.867866 0.325998 0.051356 0.030122 0.855878 0.311466 0.842008 0.337600 0.878611 0.341588 0.893364 0.315003 0.855878 0.311466
0 0.830494 0.323499 0.051612 0.028248 0.805148 0.336105 0.842008 0.338266 0.856761 0.311680 0.820533 0.310017 0.805148 0.336105
0 0.796177 0.322152 0.051730 0.028680 0.821308 0.309020 0.785542 0.307591 0.769578 0.333612 0.804686 0.336270 0.821308 0.309020
0 0.760333 0.320064 0.051916 0.027628 0.751233 0.305652 0.734095 0.331286 0.769205 0.333280 0.786011 0.307359 0.751233 0.305652
0 0.725865 0.317492 0.051730 0.028734 0.717777 0.302884 0.700106 0.328959 0.734281 0.331619 0.751836 0.305697 0.717777 0.302884
0 0.693961 0.315570 0.050422 0.028014 0.718853 0.303039 0.685720 0.300945 0.668431 0.326966 0.700553 0.328959 0.718853 0.303039
0 0.661616 0.312416 0.051356 0.027958 0.655089 0.299008 0.635564 0.324639 0.668431 0.326966 0.686920 0.300712 0.655089 0.299008
0 0.629338 0.311306 0.049302 0.028863 0.623550 0.296239 0.604961 0.322775 0.634841 0.325102 0.654262 0.299844 0.623550 0.296239
0 0.599838 0.309411 0.049677 0.028197 0.594917 0.294578 0.574894 0.320116 0.605895 0.322775 0.624570 0.296853 0.594917 0.294578
0 0.570430 0.306340 0.050236 0.028305 0.565973 0.291811 0.544828 0.319119 0.575455 0.320116 0.595064 0.293863 0.565973 0.291811
0 0.540277 0.304971 0.049303 0.028692 0.537341 0.290427 0.516255 0.316792 0.545388 0.319119 0.565558 0.293198 0.537341 0.290427
0 0.513247 0.303548 0.048369 0.028970 0.509331 0.288488 0.488616 0.314798 0.516628 0.317458 0.536984 0.289875 0.509331 0.288488
0 0.485215 0.300671 0.048555 0.029467 0.483811 0.285997 0.461538 0.312472 0.489177 0.315464 0.510092 0.288545 0.483811 0.285997
0 0.458210 0.298914 0.050795 0.029078 0.457202 0.284059 0.432778 0.310811 0.462098 0.313137 0.483573 0.287216 0.457202 0.284059
0 0.432463 0.297019 0.049302 0.028413 0.431214 0.282398 0.407567 0.308152 0.433525 0.310811 0.456869 0.283892 0.431214 0.282398
0 0.408211 0.294198 0.050797 0.029022 0.405848 0.280459 0.382094 0.305827 0.408239 0.309481 0.432891 0.282564 0.405848 0.280459
0 0.381727 0.291916 0.047828 0.027583 0.357609 0.305170 0.381534 0.306370 0.405438 0.280781 0.380973 0.278788 0.357609 0.305170
0 0.358117 0.290777 0.050609 0.028428 0.357455 0.276031 0.332361 0.302466 0.357573 0.304459 0.382970 0.277875 0.357455 0.276031
0 0.332744 0.287624 0.049862 0.028373 0.333178 0.274092 0.308270 0.299808 0.332175 0.302466 0.358133 0.276878 0.333178 0.274092
0 0.309399 0.286145 0.050048 0.028539 0.309837 0.271602 0.283620 0.297814 0.309017 0.300141 0.333669 0.274883 0.309837 0.271602
0 0.285682 0.284637 0.049489 0.028650 0.287117 0.270494 0.260836 0.296817 0.284927 0.299144 0.310325 0.271892 0.287117 0.270494
0 0.262711 0.282742 0.050422 0.027984 0.264866 0.268833 0.237306 0.294491 0.260277 0.296817 0.287728 0.270231 0.264866 0.268833
0 0.240463 0.279866 0.049675 0.028483 0.242612 0.266341 0.215456 0.293161 0.237306 0.294823 0.265131 0.268238 0.242612 0.266341
0 0.217585 0.279384 0.050795 0.030642 0.221294 0.263295 0.192684 0.290614 0.215281 0.293938 0.243480 0.266355 0.221294 0.263295
0 0.196527 0.275594 0.049303 0.029313 0.200753 0.261634 0.171955 0.287956 0.193245 0.290947 0.221258 0.264694 0.200753 0.261634
0 0.176866 0.274818 0.050608 0.027761 0.179278 0.260528 0.151227 0.285630 0.172328 0.288289 0.201834 0.262034 0.179278 0.260528
0 0.155527 0.272784 0.048555 0.026819 0.158270 0.259144 0.131431 0.283303 0.152159 0.285963 0.179986 0.261037 0.158270 0.259144
0 0.134655 0.270269 0.047434 0.028037 0.138508 0.256928 0.110887 0.282972 0.132178 0.284966 0.158322 0.259377 0.138508 0.256928
0 0.114809 0.269797 0.048367 0.027094 0.119213 0.255545 0.090533 0.280645 0.110328 0.282639 0.138900 0.257383 0.119213 0.255545
0 0.095966 0.267143 0.048181 0.028036 0.099761 0.253606 0.071858 0.278983 0.089972 0.281642 0.120039 0.255389 0.099761 0.253606
0 0.076027 0.265386 0.048928 0.027647 0.081088 0.251669 0.051316 0.277986 0.071670 0.279316 0.100244 0.253727 0.081088 0.251669
0 0.056716 0.264266 0.047808 0.028531 0.062570 0.249455 0.033200 0.275992 0.052809 0.277986 0.081008 0.252066 0.062570 0.249455
0 0.039996 0.262620 0.048742 0.028366 0.044362 0.248623 0.014898 0.273998 0.033761 0.276989 0.063641 0.250072 0.044362 0.248623
0 0.022483 0.260725 0.044966 0.027700 0.000000 0.273847 0.016206 0.274662 0.044966 0.248742 0.026467 0.246963 0.000000 0.270478 0.000000 0.273847
0 0.013426 0.257744 0.026852 0.024863 0.000000 0.270717 0.026852 0.247745 0.010284 0.245855 0.000000 0.254373 0.000000 0.270717
0 0.004462 0.248658 0.008923 0.009816 0.000000 0.253927 0.008923 0.245086 0.000000 0.244111 0.000000 0.253927
0 0.011522 0.282976 0.023044 0.015952 0.000000 0.290128 0.005934 0.290283 0.023044 0.275477 0.002573 0.274331 0.000000 0.276602 0.000000 0.290128
0 0.024624 0.283973 0.036748 0.017945 0.043430 0.278245 0.023677 0.275328 0.006681 0.289617 0.027784 0.293273 0.043430 0.278245
0 0.045635 0.286599 0.038145 0.016948 0.065370 0.278522 0.044031 0.277655 0.027225 0.292941 0.049261 0.294603 0.065370 0.278522
0 0.068475 0.287763 0.040075 0.019275 0.070550 0.297927 0.088402 0.280737 0.066816 0.278652 0.048327 0.294270 0.070550 0.297927
0 0.092082 0.288993 0.040414 0.018611 0.092961 0.298923 0.111898 0.282398 0.088852 0.280313 0.071484 0.296928 0.092961 0.298923
0 0.114345 0.291220 0.041191 0.019939 0.116864 0.301914 0.135084 0.284889 0.111822 0.281975 0.093894 0.299920 0.116864 0.301914
0 0.137969 0.294511 0.041563 0.020272 0.140955 0.304572 0.159361 0.287105 0.135727 0.284300 0.117798 0.301581 0.140955 0.304572
0 0.161560 0.297636 0.041870 0.020272 0.164298 0.307231 0.183012 0.289319 0.159444 0.286959 0.141142 0.303908 0.164298 0.307231
0 0.186684 0.300361 0.042119 0.022597 0.190630 0.310886 0.207911 0.291533 0.184094 0.288289 0.165792 0.307563 0.190630 0.310886
0 0.213588 0.302489 0.042802 0.020603 0.217709 0.312880 0.234366 0.294855 0.209678 0.292277 0.191564 0.310222 0.217709 0.312880
0 0.240548 0.305615 0.043595 0.020605 0.242933 0.315306 0.262064 0.298178 0.235836 0.294702 0.218469 0.311983 0.242933 0.315306
0 0.266791 0.307842 0.046083 0.021934 0.270572 0.318630 0.289763 0.299284 0.262355 0.296695 0.243680 0.315306 0.270572 0.318630
0 0.294402 0.309570 0.045053 0.022266 0.298770 0.321288 0.316372 0.301223 0.290180 0.299022 0.271319 0.318630 0.298770 0.321288
0 0.321523 0.312861 0.046172 0.022597 0.344383 0.303437 0.315952 0.301681 0.298211 0.319958 0.326597 0.324278 0.344383 0.303437
0 0.349236 0.316319 0.048472 0.023262 0.373948 0.306206 0.344525 0.304006 0.325477 0.324944 0.354795 0.327269 0.373948 0.306206
0 0.377734 0.318380 0.049217 0.024259 0.402892 0.308697 0.373097 0.306666 0.353675 0.327602 0.383742 0.330925 0.402892 0.308697
0 0.407315 0.322336 0.049005 0.025922 0.432147 0.312019 0.402939 0.308761 0.383142 0.331027 0.413397 0.334683 0.432147 0.312019
0 0.439420 0.322834 0.050714 0.026917 0.464670 0.313680 0.433192 0.310091 0.413956 0.333684 0.445144 0.337008 0.464670 0.313680
0 0.470617 0.326291 0.050609 0.027583 0.476602 0.340823 0.495650 0.316562 0.464462 0.313241 0.445041 0.336834 0.476602 0.340823
0 0.503733 0.329583 0.051216 0.027916 0.508909 0.343814 0.528937 0.317280 0.497703 0.315898 0.477722 0.340491 0.508909 0.343814
0 0.535977 0.332142 0.053205 0.029909 0.541777 0.346805 0.562861 0.319770 0.528705 0.316895 0.509656 0.342484 0.541777 0.346805
0 0.569359 0.336264 0.054344 0.031903 0.575848 0.351670 0.597137 0.321430 0.562216 0.319767 0.542794 0.346686 0.575848 0.351670
0 0.604948 0.337660 0.056772 0.031570 0.632994 0.325084 0.597137 0.322427 0.576222 0.351006 0.613011 0.353997 0.632994 0.325084
0 0.640513 0.342447 0.059152 0.034894 0.670856 0.327522 0.633367 0.324420 0.611705 0.354330 0.648494 0.359314 0.670856 0.327522
0 0.678681 0.346569 0.060488 0.036888 0.708981 0.330567 0.670156 0.327411 0.648494 0.358650 0.687152 0.364298 0.708981 0.330567
0 0.718479 0.349295 0.061958 0.039214 0.726170 0.368225 0.749284 0.333612 0.709364 0.329011 0.687327 0.364236 0.726170 0.368225
0 0.759049 0.352586 0.064973 0.039547 0.767630 0.371880 0.791144 0.334720 0.749514 0.332333 0.726170 0.367892 0.767630 0.371880
0 0.800659 0.356209 0.063819 0.040542 0.832381 0.337489 0.790786 0.335325 0.768563 0.370219 0.810395 0.375867 0.832381 0.337489
0 0.842952 0.358602 0.067153 0.042205 0.854677 0.380188 0.877197 0.339703 0.833761 0.337983 0.810044 0.375534 0.854677 0.380188
0 0.888901 0.363223 0.068427 0.045197 0.923103 0.343578 0.876900 0.340308 0.854677 0.380852 0.900244 0.385505 0.923103 0.343578
0 0.935362 0.368010 0.070725 0.048520 0.970408 0.346902 0.923027 0.343631 0.899683 0.385837 0.947305 0.392152 0.970408 0.346902
0 0.974225 0.373528 0.051575 0.050181 1.000000 0.349233 0.970461 0.347952 0.948425 0.391155 0.996045 0.398133 1.000000 0.389531 1.000000 0.349233