0 0.362795 0.261526 0.725591 0.523052 0.002297 0.000000 0.000000 0.306334 0.000000 0.395841 0.079905 0.495783 0.079905 0.501711 0.657347 0.523052 0.725591 0.000000 0.002297 0.000000
0 0.836070 0.267678 0.328389 0.535356 0.770322 0.000000 0.671611 0.523052 1.000000 0.535356 1.000000 0.000000 0.770322 0.000000
0 0.372729 0.641639 0.557958 0.252028 0.269639 0.746828 0.624095 0.768308 0.651802 0.537044 0.093844 0.516280 0.269639 0.746828
0 0.816804 0.664357 0.364858 0.253714 1.000000 0.549287 0.673359 0.537759 0.635142 0.769741 1.000000 0.791473 1.000000 0.549287
0 0.447171 0.809670 0.347467 0.122466 0.353348 0.853544 0.352791 0.852708 0.608791 0.871517 0.621619 0.772041 0.274152 0.749052 0.353348 0.853544
0 0.806644 0.833509 0.385162 0.117017 1.000000 0.796837 0.635700 0.774980 0.614837 0.871098 0.880877 0.891997 1.000000 0.800714 1.000000 0.796837
0 0.944152 0.851901 0.110178 0.094427 1.000000 0.804783 0.891495 0.891059 0.889822 0.891059 1.000000 0.899209 1.000000 0.804783
0 0.481840 0.892160 0.251180 0.074945 0.401220 0.914505 0.400638 0.913633 0.598325 0.929536 0.607047 0.874417 0.355867 0.854591 0.401220 0.914505
0 0.741470 0.909494 0.273564 0.072112 0.811023 0.945441 0.811023 0.945877 0.878178 0.893589 0.613336 0.873764 0.604614 0.929972 0.811023 0.945441
0 0.908064 0.926092 0.184878 0.067809 1.000000 0.902267 0.885512 0.894608 0.886348 0.892936 0.815122 0.947402 1.000000 0.960745 1.000000 0.902267
0 0.500068 0.941318 0.193886 0.051386 0.592481 0.966833 0.592575 0.967552 0.596856 0.930919 0.402970 0.916166 0.431209 0.953570 0.592481 0.966833
0 0.703633 0.955616 0.210391 0.048731 0.766414 0.980544 0.766414 0.979947 0.808572 0.947758 0.603153 0.931813 0.598181 0.967281 0.766414 0.980544
0 0.885168 0.969792 0.229711 0.045834 1.000000 0.962203 0.815106 0.947450 0.814802 0.947628 0.770289 0.980048 0.942173 0.993284 1.000000 0.971583 1.000000 0.962203
0 0.512693 0.974998 0.159761 0.037495 0.452302 0.982772 0.452688 0.981903 0.590425 0.993050 0.592550 0.968584 0.432789 0.955555 0.452302 0.982772
0 0.679039 0.984385 0.170578 0.031270 0.740014 1.000000 0.764313 0.980455 0.597405 0.968730 0.593734 0.993484 0.680087 1.000000 0.740014 1.000000
0 0.843461 0.990402 0.193172 0.018305 0.922250 1.000000 0.939694 0.993667 0.769306 0.981695 0.746522 1.000000 0.922250 1.000000