0 0.526716 0.712018 0.647181 0.577161 0.733542 1.000000 0.850961 0.803948 0.449864 0.422839 0.203780 0.762177 0.267577 1.000000 0.733542 1.000000
0 0.728743 0.447605 0.541861 0.642084 1.000000 0.192489 0.666108 0.126653 0.458139 0.409845 0.866073 0.768738 1.000000 0.525195 1.000000 0.192489
0 0.481673 0.250620 0.344597 0.323114 0.453352 0.412484 0.654481 0.130795 0.460328 0.089370 0.309884 0.280311 0.453352 0.412484
0 0.284053 0.520514 0.314981 0.466028 0.198742 0.754238 0.441725 0.422839 0.298727 0.288209 0.126744 0.497928 0.198742 0.754238
0 0.187098 0.343266 0.192947 0.264658 0.120139 0.475542 0.282902 0.283377 0.215730 0.210884 0.089955 0.361542 0.120139 0.475542
0 0.142538 0.264027 0.147577 0.190555 0.089459 0.358631 0.216181 0.207431 0.170841 0.168077 0.068605 0.282902 0.089459 0.358631
0 0.328106 0.168284 0.212462 0.199069 0.290006 0.268238 0.434039 0.092183 0.337803 0.069169 0.221577 0.204663 0.290006 0.268238
0 0.254966 0.130777 0.156808 0.145930 0.218533 0.203867 0.333208 0.070178 0.270850 0.057937 0.176400 0.163919 0.218533 0.203867
0 0.201659 0.102592 0.122067 0.117684 0.170973 0.161500 0.263452 0.055114 0.223289 0.043816 0.141384 0.132125 0.170973 0.161500
0 0.271600 0.026616 0.093200 0.053231 0.260759 0.000000 0.225291 0.037919 0.269794 0.053231 0.318491 0.000000 0.260759 0.000000
0 0.335748 0.032886 0.118372 0.065772 0.325236 0.000000 0.277058 0.051016 0.338970 0.065772 0.395430 0.000000 0.325236 0.000000
0 0.425930 0.042945 0.167486 0.085891 0.395848 0.000000 0.341653 0.064178 0.440295 0.085891 0.509139 0.000000 0.395848 0.000000
0 0.608943 0.059573 0.286636 0.119145 0.534452 0.000000 0.466011 0.082902 0.664497 0.119145 0.752647 0.000000 0.534452 0.000000
0 0.838554 0.085814 0.323983 0.171628 0.770425 0.000000 0.676017 0.122020 1.000000 0.171628 1.000000 0.000000 0.770425 0.000000