0 0.364978 0.647324 0.614331 0.372773 0.671659 0.833091 0.602520 0.527952 0.273583 0.460317 0.057328 0.732508 0.671659 0.833091
0 0.802380 0.713205 0.395384 0.370161 1.000000 0.700236 0.911030 0.588378 0.604616 0.527952 0.684231 0.839381 1.000000 0.898113 1.000000 0.700236
0 0.958719 0.642164 0.083062 0.103078 1.000000 0.607734 0.916938 0.590883 1.000000 0.693961 1.000000 0.607734
0 0.895023 0.534389 0.208797 0.146903 1.000000 0.506563 0.990766 0.497667 0.791203 0.461259 0.911344 0.589203 1.000000 0.608162 1.000000 0.506563
0 0.740420 0.500210 0.333964 0.172295 0.598131 0.523700 0.907987 0.586684 0.789416 0.457358 0.574023 0.414389 0.598131 0.523700
0 0.437972 0.445186 0.316569 0.159122 0.595895 0.524541 0.571284 0.413691 0.354047 0.365419 0.279327 0.459878 0.595895 0.524541
0 0.175459 0.387067 0.350919 0.142884 0.000000 0.399414 0.270158 0.459161 0.350919 0.364983 0.117128 0.316277 0.000000 0.366663 0.000000 0.399414
0 0.673529 0.405834 0.218933 0.102292 0.782703 0.456519 0.725655 0.389336 0.563770 0.354227 0.576878 0.415370 0.782703 0.456519
0 0.463868 0.365528 0.221486 0.096681 0.574641 0.414530 0.561217 0.352386 0.393195 0.317848 0.353155 0.366663 0.574641 0.414530
0 0.258230 0.322936 0.269586 0.083372 0.122720 0.317956 0.355392 0.364144 0.392306 0.318795 0.221689 0.280772 0.122720 0.317956
0 0.060241 0.326574 0.120483 0.071898 0.000000 0.362464 0.120483 0.317116 0.000000 0.290566 0.000000 0.362464
0 0.108980 0.279860 0.217961 0.072220 0.000792 0.291083 0.119364 0.315436 0.217961 0.278673 0.045536 0.243216 0.000000 0.249934 0.000792 0.291083
0 0.163442 0.253636 0.239384 0.051022 0.044417 0.243216 0.222278 0.279327 0.283802 0.257492 0.145256 0.228305 0.044417 0.243216
0 0.323229 0.286902 0.196458 0.061305 0.289394 0.256652 0.225633 0.280166 0.394544 0.317956 0.422091 0.288467 0.289394 0.256652
0 0.480655 0.320671 0.164436 0.066342 0.419153 0.286884 0.397900 0.317956 0.562336 0.353227 0.551653 0.316450 0.419153 0.286884
0 0.736499 0.346656 0.154248 0.055813 0.814025 0.375061 0.770398 0.342309 0.659777 0.319248 0.683147 0.349867 0.814025 0.375061
0 0.613811 0.317406 0.130747 0.053562 0.678672 0.344828 0.657419 0.318795 0.547925 0.291266 0.555625 0.319634 0.678672 0.344828
0 0.488433 0.293218 0.133116 0.048936 0.555625 0.317116 0.550031 0.291922 0.435141 0.268180 0.422509 0.285205 0.555625 0.317116
0 0.361559 0.265741 0.154369 0.047108 0.424747 0.289403 0.439289 0.267569 0.326084 0.242295 0.284920 0.258331 0.424747 0.289403
0 0.240262 0.236095 0.171148 0.040939 0.284920 0.256652 0.325191 0.240697 0.208639 0.215713 0.154042 0.227259 0.284920 0.256652