0 0.638975 0.833597 0.684200 0.332819 0.424967 0.667181 0.296552 0.877619 0.297042 0.881319 0.497241 1.000000 0.980752 0.998005 0.971355 0.953127 0.424967 0.667181
0 0.697002 0.738743 0.528378 0.386861 0.960952 0.932194 0.909352 0.740861 0.500452 0.545333 0.432573 0.656637 0.960952 0.932194
0 0.704635 0.600309 0.399895 0.259992 0.548672 0.470041 0.504297 0.539616 0.904192 0.730033 0.875297 0.619261 0.546608 0.473702 0.548672 0.470041
0 0.711416 0.514965 0.322831 0.192430 0.579680 0.418573 0.550331 0.465361 0.873162 0.611003 0.851895 0.536295 0.578403 0.421592 0.579680 0.418573
0 0.251955 0.513527 0.469534 0.273930 0.486777 0.535541 0.160969 0.376314 0.017242 0.430903 0.414469 0.650244 0.486777 0.535541
0 0.352970 0.432152 0.362191 0.192428 0.534436 0.462342 0.262220 0.335566 0.172245 0.374758 0.491477 0.527994 0.534436 0.462342
0 0.416693 0.382467 0.299011 0.152434 0.330719 0.308398 0.266919 0.334056 0.536581 0.459323 0.565930 0.413292 0.333270 0.306889 0.330719 0.308398
0 0.203384 0.651849 0.403644 0.419323 0.272187 0.861733 0.405742 0.656112 0.004216 0.442409 0.002098 0.700242 0.272187 0.861733
0 0.464822 0.347999 0.251519 0.127248 0.388742 0.286202 0.339714 0.306458 0.569406 0.411316 0.591233 0.376759 0.386744 0.284067 0.388742 0.286202
0 0.501105 0.321927 0.220961 0.112603 0.428697 0.266239 0.390416 0.282922 0.592570 0.378842 0.611377 0.349053 0.431245 0.269909 0.428697 0.266239
0 0.717134 0.454238 0.268644 0.149102 0.850912 0.529475 0.835802 0.477047 0.600864 0.380373 0.582269 0.415681 0.850912 0.529475
0 0.718255 0.414192 0.233384 0.122134 0.619286 0.352363 0.601825 0.377981 0.835209 0.474497 0.824464 0.433984 0.618489 0.354116 0.619286 0.352363
0 0.721978 0.380318 0.203331 0.104386 0.633333 0.327695 0.620138 0.350722 0.823469 0.432081 0.815466 0.399077 0.632467 0.330766 0.633333 0.327695
0 0.529502 0.300905 0.193380 0.095559 0.462689 0.253209 0.432406 0.267792 0.612375 0.348769 0.625786 0.324591 0.462689 0.254361 0.462689 0.253209
0 0.551344 0.284211 0.174563 0.084047 0.488433 0.243231 0.463773 0.253209 0.628169 0.326894 0.638336 0.306553 0.487569 0.242847 0.488433 0.243231
0 0.723554 0.355263 0.181483 0.088652 0.644420 0.310775 0.633172 0.327278 0.814655 0.399427 0.808814 0.374866 0.645069 0.311159 0.644420 0.310775
0 0.725344 0.328955 0.163187 0.089161 0.659423 0.285016 0.644073 0.309333 0.807261 0.373528 0.799403 0.338187 0.659606 0.284367 0.659423 0.285016
0 0.573508 0.267517 0.162641 0.078784 0.530295 0.228667 0.491736 0.244230 0.638844 0.307452 0.654377 0.282488 0.530844 0.228992 0.530295 0.228667