0 0.632466 0.803388 0.733683 0.344277 1.000000 0.630794 0.409678 0.675164 0.266317 0.975070 1.000000 0.948695 1.000000 0.630794
0 0.196491 0.827625 0.392983 0.302125 0.000000 0.978483 0.245206 0.975070 0.392983 0.676358 0.000000 0.701114 0.000000 0.978483
0 0.706030 0.577777 0.587059 0.183678 1.000000 0.486708 0.474184 0.533167 0.412941 0.670386 1.000000 0.626605 1.000000 0.486708
0 0.229720 0.620113 0.459439 0.168350 0.000000 0.703527 0.397928 0.671189 0.459439 0.535177 0.000000 0.575759 0.000000 0.703527
0 0.249827 0.513685 0.499655 0.121120 0.000000 0.574920 0.466508 0.531427 0.499655 0.453800 0.101947 0.490463 0.000000 0.552658 0.000000 0.574920
0 0.736055 0.470508 0.528361 0.128516 1.000000 0.434105 0.964869 0.405723 0.507372 0.453752 0.471639 0.534239 1.000000 0.484939 1.000000 0.434105
0 0.735506 0.403464 0.455387 0.094428 0.963309 0.405919 0.904961 0.356850 0.529594 0.398133 0.507922 0.451278 0.963309 0.405919
0 0.718458 0.358451 0.374416 0.076277 0.905270 0.355933 0.863286 0.320767 0.545731 0.359648 0.530855 0.397044 0.905270 0.355933
0 0.703666 0.328386 0.316708 0.059897 0.558480 0.332902 0.545256 0.358162 0.861964 0.321263 0.832602 0.298266 0.558480 0.332902
0 0.694272 0.307345 0.276044 0.052191 0.566414 0.313300 0.555505 0.333111 0.831548 0.297697 0.806150 0.280920 0.566414 0.313300
0 0.685795 0.289724 0.240339 0.045073 0.566084 0.312805 0.806423 0.280362 0.789564 0.267731 0.573044 0.296408 0.566084 0.312805
0 0.682112 0.276286 0.214223 0.040072 0.580298 0.281600 0.574680 0.296211 0.788903 0.266741 0.775978 0.256139 0.580298 0.281600
0 0.461649 0.313113 0.220173 0.041852 0.351969 0.333514 0.564870 0.308006 0.572142 0.291662 0.382088 0.314373 0.351969 0.333514
0 0.443533 0.330597 0.243316 0.045569 0.564870 0.308006 0.353952 0.333019 0.321555 0.353575 0.555677 0.325834 0.564870 0.308006
0 0.416402 0.353309 0.279680 0.053492 0.319902 0.353822 0.276925 0.379825 0.544105 0.350305 0.556605 0.326333 0.319902 0.353822
0 0.379599 0.382813 0.327948 0.065627 0.543713 0.349880 0.274609 0.379597 0.215764 0.415506 0.532119 0.379731 0.543713 0.349880