0 0.083687 0.962402 0.167373 0.074803 0.167373 1.000000 0.135086 0.925197 0.000000 0.970370 0.000000 1.000000 0.167373 1.000000
0 0.226207 0.943409 0.180539 0.111817 0.316667 0.995833 0.261108 0.888183 0.136128 0.921495 0.169456 1.000000 0.316667 0.995833
0 0.360852 0.926616 0.196705 0.146981 0.459895 0.995833 0.377755 0.853019 0.263191 0.891884 0.320472 1.000000 0.459895 0.995833
0 0.485472 0.907622 0.211569 0.183994 0.591406 0.998148 0.486070 0.816006 0.379837 0.851169 0.460033 1.000000 0.591406 0.998148
0 0.601496 0.893377 0.237367 0.211755 0.720313 0.998148 0.578763 0.788245 0.482945 0.817856 0.595427 1.000000 0.720313 0.998148
0 0.700500 0.881332 0.247875 0.237664 0.666248 0.762336 0.576680 0.784544 0.720406 1.000000 0.791927 0.995833 0.824555 0.980717 0.666248 0.762336
0 0.791746 0.860571 0.245992 0.246142 0.826639 0.984419 0.914323 0.949537 0.755817 0.738277 0.668331 0.758634 0.826639 0.984419
0 0.870659 0.832158 0.238192 0.242441 0.989844 0.914814 0.827680 0.710516 0.751652 0.740127 0.915166 0.952956 0.989844 0.914814
0 0.914806 0.805717 0.170237 0.223934 0.990153 0.917794 1.000000 0.906689 0.999527 0.803050 0.900584 0.693859 0.829762 0.716069 0.990153 0.917794
0 0.951811 0.743740 0.097372 0.134355 1.000000 0.716158 0.969689 0.676344 0.902628 0.696633 0.999783 0.810698 1.000000 0.716158
0 0.984879 0.689646 0.029133 0.048042 0.999331 0.666061 0.970867 0.675053 1.000000 0.714103 0.999331 0.666061
0 0.066502 0.827515 0.133003 0.283155 0.033020 0.686458 0.000000 0.701263 0.000734 0.969612 0.133003 0.923345 0.033020 0.686458
0 0.148418 0.799402 0.234336 0.261305 0.265273 0.890033 0.150000 0.669444 0.030937 0.692009 0.135086 0.930748 0.265273 0.890033
0 0.266313 0.766821 0.226375 0.246142 0.379167 0.850000 0.265273 0.643891 0.152792 0.667950 0.265273 0.890033 0.379167 0.850000
0 0.377065 0.737197 0.222880 0.227519 0.488153 0.819706 0.365009 0.623650 0.265273 0.645742 0.377755 0.851169 0.488153 0.819706
0 0.472903 0.710822 0.214556 0.218519 0.580792 0.790067 0.456813 0.601095 0.366236 0.621361 0.484778 0.819614 0.580792 0.790067
0 0.562187 0.685777 0.211873 0.202803 0.668223 0.762425 0.543319 0.584405 0.456350 0.603250 0.581864 0.787208 0.668223 0.762425
0 0.646830 0.665020 0.212411 0.195664 0.752973 0.737644 0.620437 0.567714 0.540562 0.586094 0.669297 0.763378 0.752973 0.737644
0 0.725177 0.647639 0.209728 0.185903 0.829583 0.715722 0.696216 0.554600 0.619855 0.567984 0.753416 0.740503 0.829583 0.715722
0 0.796737 0.629305 0.205973 0.174236 0.900386 0.693800 0.766508 0.541486 0.694412 0.555594 0.830119 0.715722 0.900386 0.693800
0 0.866781 0.611779 0.205437 0.170433 0.970117 0.678548 0.834909 0.527180 0.764680 0.543203 0.905214 0.697612 0.970117 0.678548
0 0.916902 0.597270 0.165053 0.163291 1.000000 0.628033 0.895934 0.515258 0.834947 0.527953 0.969581 0.678548 1.000000 0.667111 1.000000 0.628033
0 0.947533 0.564997 0.104441 0.123744 1.000000 0.554641 0.953605 0.503336 0.895559 0.515561 1.000000 0.627080 1.000000 0.554641
0 0.977406 0.523707 0.045437 0.056789 1.000000 0.494992 0.954562 0.504123 0.999619 0.551781 1.000000 0.494992
0 0.006051 0.679938 0.012102 0.038002 0.000000 0.699178 0.012102 0.696002 0.000000 0.661177 0.000000 0.699178
0 0.050897 0.665809 0.101794 0.062869 0.102288 0.676948 0.083956 0.634722 0.000494 0.656306 0.012102 0.697591 0.102288 0.676948
0 0.135941 0.646898 0.100008 0.059422 0.186223 0.656306 0.170266 0.617527 0.086216 0.635663 0.102288 0.676948 0.186223 0.656306
0 0.217904 0.632171 0.098308 0.058092 0.266672 0.641806 0.247647 0.602977 0.168364 0.619784 0.186223 0.661069 0.266672 0.641806
0 0.294342 0.615960 0.094934 0.053795 0.342441 0.627155 0.319830 0.589286 0.247506 0.604858 0.267927 0.643081 0.342441 0.627155
0 0.366436 0.600094 0.092247 0.053312 0.412477 0.611228 0.389383 0.574161 0.320230 0.589250 0.342620 0.627473 0.412477 0.611228
0 0.433395 0.587641 0.088664 0.050281 0.478445 0.598169 0.452369 0.562220 0.389781 0.575872 0.412170 0.612502 0.478445 0.598169
0 0.497766 0.574236 0.086158 0.048472 0.540780 0.584472 0.515238 0.550016 0.454622 0.561220 0.477908 0.598487 0.540780 0.584472
0 0.558206 0.561469 0.082037 0.047938 0.572552 0.537809 0.516922 0.551027 0.540925 0.585747 0.598959 0.573642 0.572552 0.537809
0 0.614277 0.551004 0.081680 0.045758 0.655563 0.561856 0.629181 0.528522 0.573883 0.537648 0.599856 0.574280 0.655563 0.561856
0 0.678464 0.538877 0.081928 0.046505 0.636794 0.525603 0.665881 0.561539 0.718722 0.550708 0.688987 0.515034 0.636794 0.525603
0 0.730349 0.527880 0.082573 0.046384 0.771383 0.540516 0.739159 0.504642 0.688809 0.515353 0.719617 0.551027 0.771383 0.540516
0 0.779544 0.518952 0.080963 0.044153 0.820642 0.530323 0.789009 0.496681 0.739680 0.506116 0.770487 0.540834 0.820642 0.530323
0 0.827265 0.509190 0.079530 0.043380 0.867548 0.520794 0.836175 0.487925 0.788019 0.496586 0.819545 0.531305 0.867548 0.520794
0 0.874001 0.499388 0.076127 0.042527 0.912150 0.512194 0.880225 0.477948 0.836023 0.487986 0.866653 0.520475 0.912150 0.512194
0 0.916855 0.489905 0.074336 0.042311 0.954781 0.503275 0.922316 0.468927 0.880445 0.478748 0.910359 0.511238 0.954781 0.503275
0 0.959530 0.481402 0.072184 0.040928 0.995441 0.494356 0.962017 0.460436 0.923256 0.471422 0.953886 0.501364 0.995441 0.494356
0 0.982015 0.473854 0.035905 0.041458 0.999928 0.453536 0.964095 0.462503 0.994725 0.494994 1.000000 0.493400 0.999928 0.453536
0 0.994322 0.366989 0.010519 0.012103 1.000000 0.360180 0.989481 0.361356 1.000000 0.372283 1.000000 0.360180
0 0.977709 0.386101 0.046042 0.050327 1.000000 0.373558 0.988814 0.360817 0.953958 0.367459 1.000000 0.411144 1.000000 0.373558
0 0.958336 0.409422 0.082297 0.087594 1.000000 0.411463 0.954602 0.366231 0.917703 0.371966 1.000000 0.453825 1.000000 0.411463
0 0.939057 0.417105 0.121864 0.090461 0.918241 0.371328 0.878136 0.375684 0.961230 0.461789 1.000000 0.452870 0.918241 0.371328
0 0.900270 0.423704 0.125541 0.094283 0.836942 0.382850 0.921464 0.470389 0.962483 0.461470 0.877580 0.376106 0.836942 0.382850
0 0.857445 0.430750 0.127389 0.095875 0.837098 0.382795 0.794255 0.390544 0.879550 0.478670 0.921644 0.469433 0.837098 0.382795
0 0.812832 0.439130 0.128789 0.097009 0.748970 0.398084 0.834703 0.487130 0.877759 0.477078 0.794109 0.390120 0.748970 0.398084
0 0.767928 0.446254 0.129606 0.098758 0.788136 0.495886 0.832441 0.486316 0.749689 0.397128 0.702834 0.405409 0.788136 0.495886
0 0.721995 0.454648 0.131489 0.099922 0.738147 0.504377 0.787202 0.495234 0.703730 0.404455 0.655713 0.412736 0.738147 0.504377
0 0.672500 0.463680 0.132500 0.102361 0.687292 0.514459 0.738645 0.503834 0.655353 0.412098 0.606145 0.420698 0.687292 0.514459
0 0.621001 0.472391 0.132627 0.104158 0.636417 0.523902 0.687466 0.514027 0.606323 0.419744 0.554839 0.427706 0.636417 0.523902
0 0.561175 0.482145 0.131725 0.111164 0.572394 0.537597 0.626331 0.526134 0.547627 0.426433 0.494606 0.435352 0.572394 0.537597
0 0.504616 0.491666 0.134231 0.114581 0.493848 0.434923 0.436841 0.441444 0.513523 0.549505 0.571072 0.535511 0.493848 0.434923
0 0.448399 0.503478 0.137423 0.116331 0.439744 0.444544 0.379052 0.450916 0.452531 0.560875 0.516475 0.549505 0.439744 0.444544
0 0.383145 0.512539 0.135041 0.125078 0.315523 0.460388 0.388589 0.575745 0.450564 0.560875 0.376784 0.450667 0.315523 0.460388
0 0.318661 0.525226 0.140447 0.128577 0.314808 0.460289 0.249127 0.470589 0.318744 0.588866 0.389573 0.575745 0.314808 0.460289
0 0.249616 0.537225 0.142981 0.133825 0.248406 0.469909 0.178222 0.480791 0.247422 0.603734 0.321203 0.588866 0.248406 0.469909
0 0.174982 0.548973 0.143714 0.141697 0.103217 0.489534 0.169216 0.620353 0.246931 0.602859 0.179053 0.478656 0.103217 0.489534
0 0.094180 0.562786 0.144609 0.144322 0.022600 0.504897 0.083138 0.634348 0.167209 0.619478 0.101300 0.490027 0.022600 0.504897
0 0.042288 0.579341 0.084577 0.149308 0.000867 0.654205 0.084577 0.636972 0.022600 0.504897 0.000000 0.510145 0.000867 0.654205
0 0.010070 0.500247 0.020141 0.019244 0.013255 0.490027 0.000048 0.490262 0.000000 0.509270 0.020141 0.505772 0.013255 0.490027
0 0.048001 0.492032 0.067877 0.024689 0.082608 0.491777 0.075052 0.479333 0.014731 0.490027 0.019648 0.504022 0.082608 0.491777
0 0.110502 0.481822 0.067878 0.026144 0.144092 0.483030 0.137350 0.469131 0.076214 0.477781 0.083592 0.495275 0.144092 0.483030
0 0.171194 0.472299 0.067388 0.025848 0.205577 0.476033 0.195959 0.458931 0.138189 0.471659 0.145077 0.484780 0.205577 0.476033
0 0.229584 0.464121 0.065419 0.025117 0.262633 0.469034 0.250881 0.450916 0.197214 0.461163 0.204592 0.476033 0.262633 0.469034
0 0.284172 0.457014 0.062094 0.023403 0.315208 0.459734 0.304569 0.444547 0.253114 0.452505 0.263278 0.467950 0.315208 0.459734
0 0.336188 0.449002 0.059877 0.023005 0.365659 0.453491 0.355311 0.437716 0.305783 0.446261 0.315392 0.460720 0.365659 0.453491
0 0.385449 0.442018 0.058398 0.021536 0.414078 0.447247 0.403584 0.431955 0.355680 0.438373 0.365475 0.453491 0.414078 0.447247
0 0.431776 0.435516 0.057302 0.021033 0.403739 0.431406 0.413361 0.446589 0.461041 0.440673 0.450138 0.425556 0.403739 0.431406
0 0.477351 0.429516 0.054702 0.021531 0.505023 0.431800 0.494908 0.418814 0.450322 0.426542 0.460670 0.440345 0.505023 0.431800
0 0.520731 0.423401 0.053963 0.021802 0.548083 0.426542 0.536947 0.411970 0.494120 0.418984 0.505209 0.433772 0.548083 0.426542
0 0.564573 0.420356 0.054147 0.025088 0.591327 0.422598 0.579603 0.407042 0.537180 0.412741 0.552887 0.432130 0.591327 0.422598
0 0.605201 0.411777 0.051027 0.020430 0.619641 0.401841 0.579500 0.406497 0.591697 0.422270 0.630527 0.416355 0.619641 0.401841
0 0.643237 0.405444 0.048973 0.020262 0.668227 0.409125 0.657220 0.396092 0.619253 0.402881 0.630711 0.416355 0.668227 0.409125
0 0.681375 0.400155 0.047125 0.019061 0.705372 0.402553 0.695947 0.391050 0.658247 0.397294 0.668227 0.410111 0.705372 0.402553
0 0.719698 0.395139 0.045647 0.018403 0.741778 0.398609 0.731984 0.385792 0.696131 0.393022 0.705742 0.404195 0.741778 0.398609
0 0.755728 0.391080 0.045831 0.016534 0.778000 0.393022 0.767786 0.382403 0.732169 0.386778 0.741594 0.398938 0.778000 0.393022
0 0.788717 0.385048 0.043059 0.016970 0.810895 0.387436 0.801972 0.376381 0.767836 0.382178 0.777261 0.393352 0.810895 0.387436
0 0.822733 0.379434 0.042341 0.015117 0.801202 0.377202 0.810831 0.387764 0.843542 0.381520 0.833747 0.372647 0.801202 0.377202
0 0.854518 0.374330 0.040286 0.014284 0.874958 0.376262 0.866786 0.367894 0.834672 0.372647 0.842987 0.382178 0.874958 0.376262
0 0.887600 0.370163 0.037700 0.012202 0.905820 0.371661 0.897892 0.364061 0.868120 0.369033 0.875144 0.376262 0.905820 0.371661
0 0.917195 0.364679 0.037514 0.013733 0.936128 0.367389 0.928075 0.358586 0.898614 0.365089 0.905266 0.372319 0.936128 0.367389
0 0.947983 0.361388 0.036591 0.013402 0.965512 0.363775 0.956717 0.355302 0.928922 0.360159 0.936128 0.368703 0.965512 0.363775
0 0.975923 0.357907 0.036222 0.012689 0.993788 0.359831 0.985975 0.351742 0.957566 0.355558 0.964403 0.364431 0.993788 0.359831
0 0.993202 0.355002 0.014528 0.010005 0.999886 0.358845 1.000000 0.349827 0.985472 0.352602 0.993603 0.359831 0.999886 0.358845
0 0.961749 0.323163 0.076623 0.058825 0.923377 0.295792 0.985472 0.351988 1.000000 0.349358 0.999834 0.337781 0.949989 0.293162 0.923377 0.295792
0 0.988988 0.299330 0.021725 0.023661 1.000000 0.287905 0.978275 0.290967 1.000000 0.311566 1.000000 0.287905
0 0.975668 0.314615 0.048211 0.047980 1.000000 0.312880 0.978448 0.290862 0.951789 0.293431 1.000000 0.338842 1.000000 0.312880
0 0.939626 0.325711 0.088627 0.060797 0.923008 0.295134 0.895736 0.297811 0.956827 0.355931 0.984362 0.351330 0.923008 0.295134
0 0.911154 0.329986 0.091058 0.063097 0.895288 0.298092 0.865400 0.301097 0.926889 0.361189 0.956458 0.355602 0.895288 0.298092
0 0.881711 0.332454 0.091547 0.061783 0.866642 0.301706 0.836450 0.305750 0.896395 0.363489 0.927997 0.360531 0.866642 0.301706
0 0.850384 0.336564 0.091392 0.063753 0.836705 0.304994 0.805189 0.308487 0.865533 0.368747 0.896581 0.364147 0.836705 0.304994
0 0.819316 0.339854 0.091758 0.064083 0.804548 0.308280 0.773775 0.311500 0.834117 0.372363 0.865533 0.368091 0.804548 0.308280
0 0.787448 0.343071 0.093645 0.064267 0.799955 0.375833 0.833747 0.372691 0.773131 0.311566 0.740102 0.316167 0.799955 0.375833
0 0.753252 0.349145 0.094005 0.067041 0.706528 0.318344 0.767822 0.382550 0.800533 0.376962 0.739917 0.315509 0.706528 0.318344
0 0.716755 0.352771 0.096011 0.068042 0.730394 0.386509 0.765172 0.383208 0.704741 0.318467 0.669161 0.322739 0.730394 0.386509
0 0.682609 0.356553 0.096469 0.069356 0.634602 0.327011 0.693766 0.391437 0.731070 0.386822 0.671563 0.322081 0.634602 0.327011
0 0.647031 0.361348 0.097188 0.069572 0.656345 0.396913 0.695033 0.392409 0.635086 0.327341 0.597845 0.331283 0.656345 0.396913
0 0.608978 0.367400 0.096081 0.072300 0.598955 0.331283 0.560902 0.334769 0.617989 0.403583 0.656983 0.397667 0.598955 0.331283
0 0.570176 0.370853 0.096602 0.072956 0.561623 0.334898 0.521942 0.338328 0.578625 0.407855 0.618544 0.402267 0.561623 0.334898
0 0.528433 0.375621 0.097491 0.076242 0.521706 0.338184 0.480211 0.342981 0.537598 0.414427 0.577702 0.406869 0.521706 0.338184
0 0.488330 0.380638 0.098534 0.076900 0.480495 0.342456 0.438325 0.347089 0.493061 0.419356 0.536859 0.412784 0.480495 0.342456
0 0.443812 0.386339 0.100123 0.078928 0.448642 0.425658 0.493986 0.418700 0.438175 0.346730 0.393863 0.352973 0.448642 0.425658
0 0.399851 0.392889 0.099702 0.079528 0.395156 0.353302 0.349972 0.358039 0.403103 0.432830 0.449673 0.426916 0.395156 0.353302
0 0.352477 0.398811 0.101828 0.081997 0.356162 0.439403 0.403659 0.432992 0.349141 0.357406 0.301831 0.362008 0.356162 0.439403
0 0.303721 0.404729 0.101192 0.084458 0.253123 0.368403 0.306452 0.446466 0.354316 0.437592 0.302016 0.362008 0.253123 0.368403
0 0.252441 0.409580 0.104883 0.084786 0.253597 0.367923 0.200459 0.373605 0.251934 0.452709 0.305342 0.444494 0.253597 0.367923
0 0.197514 0.415912 0.107528 0.088073 0.200005 0.372523 0.144406 0.379353 0.194830 0.460597 0.251934 0.452052 0.200005 0.372523
0 0.141093 0.423194 0.107186 0.090138 0.137322 0.467505 0.195425 0.460511 0.145158 0.377367 0.088239 0.384597 0.137322 0.467505
0 0.084677 0.432439 0.106853 0.093003 0.089533 0.385911 0.030912 0.392428 0.075856 0.478914 0.137766 0.469383 0.089533 0.385911
0 0.038113 0.440917 0.076227 0.097459 0.000000 0.462483 0.013356 0.489614 0.076227 0.479900 0.030025 0.392155 0.000000 0.396428 0.000000 0.462483
0 0.005298 0.475381 0.010597 0.025763 0.000000 0.488245 0.010597 0.487788 0.000000 0.462483 0.000000 0.488245
0 0.003410 0.313094 0.006820 0.016813 0.000000 0.320920 0.006820 0.318948 0.000000 0.304108 0.000000 0.320920
0 0.020873 0.309664 0.041747 0.022453 0.000352 0.299559 0.000000 0.305147 0.007559 0.320264 0.041747 0.316978 0.030773 0.297811 0.000352 0.299559
0 0.052687 0.306730 0.042875 0.022834 0.074458 0.314020 0.064344 0.294800 0.031583 0.296602 0.041008 0.317634 0.074458 0.314020
0 0.085870 0.303386 0.043614 0.022397 0.107537 0.312705 0.096373 0.292609 0.063923 0.295945 0.074089 0.315006 0.107537 0.312705
0 0.118035 0.302619 0.042320 0.020862 0.139139 0.310733 0.128250 0.291514 0.096819 0.293316 0.108092 0.312377 0.139139 0.310733
0 0.149193 0.299795 0.042136 0.021464 0.170002 0.308433 0.158431 0.289598 0.127866 0.292002 0.138770 0.311063 0.170002 0.308433
0 0.180350 0.298039 0.041950 0.021078 0.201048 0.306133 0.189075 0.287683 0.159098 0.290030 0.170002 0.308761 0.201048 0.306133
0 0.210130 0.296312 0.042136 0.020750 0.231436 0.305475 0.219103 0.286039 0.189300 0.288058 0.200573 0.306789 0.231436 0.305475
0 0.239540 0.294613 0.041580 0.020477 0.260264 0.303175 0.248169 0.284670 0.218684 0.285758 0.231436 0.305147 0.260264 0.303175
0 0.267111 0.293131 0.040472 0.020637 0.287617 0.299831 0.274386 0.282481 0.247145 0.284386 0.260267 0.303119 0.287617 0.299831
0 0.002470 0.341799 0.004941 0.011723 0.004941 0.347203 0.000438 0.336137 0.000000 0.347861 0.004941 0.347203
0 0.022470 0.333538 0.044941 0.029577 0.000000 0.320912 0.000136 0.335044 0.005495 0.347861 0.044941 0.343803 0.031922 0.318284 0.000000 0.320912
0 0.057902 0.329344 0.053303 0.030562 0.084670 0.340792 0.070916 0.314669 0.031367 0.317955 0.045783 0.345231 0.084670 0.340792
0 0.098025 0.327834 0.052300 0.027544 0.109308 0.313416 0.071470 0.314997 0.085331 0.340959 0.123770 0.338987 0.109308 0.313416
0 0.134786 0.324270 0.050822 0.029789 0.159992 0.335702 0.146266 0.309856 0.109170 0.313355 0.123770 0.339645 0.159992 0.335702
0 0.170850 0.321779 0.051075 0.027933 0.159992 0.336358 0.196467 0.334222 0.181244 0.308425 0.145392 0.310069 0.159992 0.336358
0 0.206845 0.320431 0.051191 0.028363 0.215870 0.306023 0.180477 0.307439 0.196925 0.334386 0.231667 0.331758 0.215870 0.306023
0 0.241313 0.318348 0.051377 0.027322 0.266781 0.329458 0.249822 0.304108 0.215405 0.305795 0.232037 0.331430 0.266781 0.329458
0 0.275595 0.315770 0.051191 0.028416 0.300416 0.327156 0.282930 0.301370 0.249225 0.304153 0.266595 0.329786 0.300416 0.327156
0 0.306198 0.313852 0.049897 0.027703 0.314652 0.299453 0.281864 0.301523 0.299973 0.327156 0.331761 0.325184 0.314652 0.299453
0 0.339473 0.310698 0.050820 0.027647 0.364286 0.322884 0.344964 0.297538 0.313466 0.299223 0.331761 0.325184 0.364286 0.322884
0 0.369707 0.309583 0.048789 0.028541 0.394570 0.321041 0.376175 0.294800 0.345781 0.298364 0.365002 0.323341 0.394570 0.321041
0 0.399579 0.307691 0.049158 0.027883 0.424323 0.318411 0.404509 0.293158 0.375166 0.295406 0.393645 0.321041 0.424323 0.318411
0 0.429544 0.304620 0.049712 0.027991 0.454077 0.317425 0.433152 0.290420 0.404364 0.292448 0.423769 0.318411 0.454077 0.317425
0 0.457206 0.303249 0.048787 0.028373 0.482352 0.315125 0.461486 0.289052 0.433564 0.291792 0.453522 0.317425 0.482352 0.315125
0 0.486432 0.301823 0.047864 0.028647 0.509703 0.313153 0.489203 0.287134 0.461839 0.288506 0.481981 0.315781 0.509703 0.313153
0 0.513087 0.298945 0.048050 0.029139 0.536500 0.310853 0.514458 0.284670 0.488450 0.287191 0.509148 0.313809 0.536500 0.310853
0 0.539196 0.297190 0.050267 0.028755 0.564959 0.309209 0.540791 0.282755 0.514692 0.285877 0.535945 0.311509 0.564959 0.309209
0 0.565020 0.295298 0.048789 0.028097 0.589908 0.306580 0.566508 0.281112 0.541119 0.282591 0.564220 0.309209 0.589908 0.306580
0 0.590759 0.294038 0.050267 0.028700 0.615116 0.304280 0.591608 0.279195 0.564848 0.281275 0.589242 0.307895 0.615116 0.304280
0 0.615853 0.291763 0.047331 0.027277 0.615669 0.304817 0.639345 0.303631 0.616223 0.277541 0.592014 0.279512 0.615669 0.304817
0 0.639103 0.289057 0.050081 0.028114 0.664330 0.300958 0.639498 0.274816 0.614248 0.276639 0.639381 0.302930 0.664330 0.300958
0 0.663734 0.287467 0.049342 0.028059 0.688169 0.298328 0.663522 0.272898 0.638827 0.275653 0.664514 0.300958 0.688169 0.298328
0 0.687264 0.284423 0.049528 0.028220 0.712564 0.296356 0.686620 0.270436 0.663036 0.273681 0.687430 0.298656 0.712564 0.296356
0 0.710424 0.282915 0.048973 0.028330 0.735109 0.295370 0.709103 0.269341 0.686136 0.270723 0.711270 0.297670 0.735109 0.295370
0 0.732761 0.281024 0.049897 0.027673 0.758395 0.293070 0.731123 0.267697 0.708498 0.269080 0.735664 0.295370 0.758395 0.293070
0 0.755829 0.279707 0.049158 0.028164 0.780017 0.291756 0.753144 0.265234 0.730859 0.267108 0.758395 0.293398 0.780017 0.291756
0 0.776696 0.277651 0.050267 0.030302 0.802552 0.289237 0.774241 0.262222 0.752284 0.265247 0.780191 0.292523 0.802552 0.289237
0 0.799395 0.275430 0.048789 0.028986 0.823066 0.286608 0.794567 0.260580 0.774277 0.263605 0.801997 0.289566 0.823066 0.286608
0 0.818791 0.273102 0.050081 0.027453 0.843578 0.284308 0.815819 0.259484 0.793497 0.260975 0.822695 0.286937 0.843578 0.284308
0 0.839649 0.271073 0.048048 0.026522 0.863167 0.282008 0.836606 0.258116 0.815119 0.259989 0.842655 0.284637 0.863167 0.282008
0 0.859407 0.270113 0.046939 0.027725 0.883495 0.281680 0.856164 0.255927 0.836556 0.258347 0.862428 0.283652 0.883495 0.281680
0 0.880182 0.268084 0.047864 0.026794 0.903639 0.279378 0.875258 0.254556 0.855775 0.256375 0.884050 0.281350 0.903639 0.279378
0 0.898840 0.266987 0.047680 0.027723 0.922120 0.277736 0.894508 0.252641 0.874441 0.254403 0.904194 0.280364 0.922120 0.277736
0 0.917959 0.263670 0.048419 0.027339 0.942448 0.276750 0.912986 0.250725 0.894030 0.252759 0.922305 0.278064 0.942448 0.276750
0 0.936155 0.262545 0.047311 0.028216 0.960375 0.274778 0.931311 0.248534 0.913064 0.251117 0.940970 0.276750 0.960375 0.274778
0 0.953805 0.262463 0.048234 0.028052 0.978486 0.272806 0.949328 0.247713 0.930252 0.249145 0.959820 0.275764 0.978486 0.272806
0 0.972463 0.259009 0.048050 0.027394 0.996781 0.272478 0.967037 0.246070 0.948731 0.247830 0.977192 0.273464 0.996781 0.272478
0 0.983859 0.259064 0.033342 0.027503 1.000000 0.259003 0.983052 0.244975 0.966658 0.246844 0.995487 0.271492 1.000000 0.272478 1.000000 0.259003
0 0.992176 0.250762 0.015602 0.017150 1.000000 0.242511 0.984398 0.244216 1.000000 0.259661 1.000000 0.242511
0 0.995376 0.276840 0.009502 0.009930 1.000000 0.272078 0.990498 0.273134 1.000000 0.282008 1.000000 0.272078
0 0.985100 0.281325 0.029575 0.015775 1.000000 0.281350 0.990683 0.273134 0.970425 0.274267 0.987356 0.288909 1.000000 0.288580 1.000000 0.281350
0 0.968183 0.282311 0.036366 0.017747 0.969800 0.274120 0.950252 0.277005 0.965734 0.291867 0.986617 0.288252 0.969800 0.274120
0 0.947000 0.284943 0.037750 0.016761 0.949656 0.276420 0.928539 0.277280 0.944481 0.293181 0.966289 0.291538 0.949656 0.276420
0 0.926079 0.287655 0.039658 0.019061 0.905748 0.279469 0.923414 0.296467 0.945406 0.292853 0.927109 0.277406 0.905748 0.279469
0 0.902809 0.288889 0.039992 0.018403 0.882497 0.281112 0.901238 0.297453 0.922489 0.295481 0.905303 0.279050 0.882497 0.281112
0 0.879755 0.291109 0.040761 0.019717 0.859552 0.283575 0.877583 0.300411 0.900313 0.298439 0.882572 0.280694 0.859552 0.283575
0 0.856502 0.292836 0.041128 0.020047 0.835530 0.285766 0.853742 0.303041 0.876658 0.300083 0.858917 0.282994 0.835530 0.285766
0 0.833218 0.295961 0.041436 0.020047 0.812122 0.287956 0.830642 0.305669 0.853558 0.302383 0.835447 0.285622 0.812122 0.287956
0 0.808340 0.298673 0.041680 0.022347 0.787484 0.290145 0.804584 0.309284 0.829164 0.305998 0.811053 0.286937 0.787484 0.290145
0 0.782116 0.300813 0.042356 0.020375 0.761305 0.293431 0.777787 0.311256 0.803661 0.308627 0.785734 0.290881 0.761305 0.293431
0 0.755945 0.303938 0.043141 0.020375 0.733895 0.296716 0.752827 0.313655 0.777036 0.310369 0.759850 0.293280 0.733895 0.296716
0 0.729052 0.306157 0.045603 0.021689 0.706484 0.297811 0.725477 0.316941 0.752088 0.313655 0.733608 0.295252 0.706484 0.297811
0 0.701980 0.307884 0.044586 0.022019 0.680152 0.299728 0.697570 0.319570 0.724738 0.316941 0.706072 0.297552 0.680152 0.299728
0 0.675970 0.311173 0.045691 0.022347 0.680569 0.300180 0.652434 0.301917 0.670034 0.322527 0.698125 0.318255 0.680569 0.300180
0 0.647422 0.314627 0.047969 0.023003 0.652294 0.302481 0.623175 0.304655 0.642130 0.325484 0.671144 0.323184 0.652294 0.302481
0 0.619665 0.316683 0.048705 0.023991 0.624019 0.305109 0.594533 0.307119 0.613484 0.329100 0.643238 0.325814 0.624019 0.305109
0 0.589872 0.320629 0.048494 0.025633 0.594487 0.307183 0.565583 0.310405 0.584139 0.332816 0.614077 0.329200 0.594487 0.307183
0 0.557905 0.321122 0.050186 0.026619 0.564550 0.308497 0.533398 0.312047 0.552722 0.335116 0.583584 0.331830 0.564550 0.308497
0 0.528166 0.324576 0.050083 0.027277 0.502742 0.314897 0.521592 0.338888 0.552825 0.334944 0.533605 0.311611 0.502742 0.314897
0 0.495654 0.327865 0.050683 0.027605 0.469802 0.315606 0.489622 0.341845 0.520484 0.338559 0.500709 0.314241 0.469802 0.315606
0 0.462263 0.330413 0.052652 0.029577 0.436231 0.318070 0.457095 0.344803 0.488883 0.340531 0.470033 0.315227 0.436231 0.318070
0 0.428452 0.334524 0.053778 0.031548 0.402311 0.319709 0.423380 0.349616 0.456089 0.344686 0.436870 0.318067 0.402311 0.319709
0 0.395277 0.335923 0.056180 0.031220 0.402311 0.320695 0.366830 0.323325 0.386603 0.351916 0.423009 0.348958 0.402311 0.320695
0 0.358955 0.340691 0.058536 0.034506 0.366459 0.322667 0.329361 0.325734 0.351491 0.357173 0.387897 0.352244 0.366459 0.322667
0 0.322116 0.343239 0.059858 0.036478 0.330053 0.325625 0.291633 0.328747 0.313236 0.362103 0.351491 0.356516 0.330053 0.325625
0 0.282219 0.345952 0.061313 0.038778 0.251750 0.331758 0.274622 0.365984 0.313063 0.362041 0.291255 0.327206 0.251750 0.331758
0 0.243085 0.350804 0.064295 0.039108 0.210327 0.332853 0.233595 0.369600 0.274622 0.365656 0.251522 0.330492 0.210327 0.332853
0 0.200327 0.352859 0.063153 0.040094 0.210680 0.333450 0.169519 0.335591 0.191277 0.373544 0.232672 0.367956 0.210680 0.333450
0 0.158227 0.356805 0.066455 0.041736 0.125169 0.337781 0.147456 0.377814 0.191623 0.373214 0.168153 0.336078 0.125169 0.337781
0 0.113545 0.361409 0.067714 0.044694 0.125464 0.338380 0.079742 0.341612 0.102364 0.383073 0.147456 0.378472 0.125464 0.338380
0 0.067807 0.366177 0.069989 0.047980 0.079817 0.341666 0.032930 0.344898 0.055792 0.389645 0.102919 0.383402 0.079817 0.341666
0 0.027342 0.370124 0.054684 0.049623 0.000000 0.379130 0.007559 0.395561 0.054684 0.388659 0.032877 0.345938 0.000000 0.347363 0.000000 0.379130
0 0.003133 0.386580 0.006266 0.016909 0.000000 0.394723 0.006266 0.394247 0.000000 0.377814 0.000000 0.394723