0 0.409766 0.817909 0.472656 0.354567 0.646484 0.993089 0.518555 0.640023 0.173828 0.656550 0.237305 0.994591 0.646484 0.993089
0 0.305957 0.473482 0.399414 0.309464 0.401367 0.318509 0.106445 0.327523 0.165497 0.627973 0.201172 0.626503 0.505859 0.605469 0.401367 0.318509
0 0.648828 0.456610 0.425781 0.294470 0.713867 0.309495 0.435547 0.323017 0.536133 0.603966 0.638672 0.602464 0.861328 0.584434 0.713867 0.309495
0 0.777344 0.808173 0.445312 0.372595 1.000000 0.836839 0.881836 0.621995 0.554688 0.641527 0.682617 0.994591 0.951172 0.993089 1.000000 0.990084 1.000000 0.836839
0 0.955957 0.695072 0.086914 0.168269 1.000000 0.611478 0.913086 0.615986 1.000000 0.779747 1.000000 0.611478
0 0.871252 0.442669 0.258128 0.288463 1.000000 0.298978 0.741872 0.307812 0.751953 0.332031 0.888672 0.581430 0.921875 0.587441 1.000000 0.581430 1.000000 0.298978
0 0.066406 0.482122 0.132812 0.307994 0.000000 0.635517 0.011719 0.635517 0.132812 0.626503 0.077148 0.327523 0.000000 0.329027 0.000000 0.635517
0 0.101562 0.826142 0.203125 0.333534 0.140625 0.659555 0.000977 0.661058 0.000000 0.993089 0.177734 0.993089 0.203125 0.984075 0.140625 0.659555
0 0.821289 0.151112 0.251953 0.139723 0.766573 0.219181 0.768555 0.219352 0.787109 0.220853 0.947266 0.211839 0.858398 0.081130 0.695312 0.091647 0.752930 0.192308 0.766573 0.219181
0 0.624707 0.157241 0.243164 0.145733 0.570312 0.229867 0.746094 0.217848 0.668945 0.084134 0.502930 0.090144 0.511322 0.110652 0.517578 0.133714 0.570312 0.229867
0 0.418759 0.158113 0.237517 0.141227 0.525391 0.226863 0.537109 0.214844 0.477539 0.087139 0.299592 0.088945 0.312500 0.127705 0.350586 0.228366 0.525391 0.226863
0 0.212793 0.163492 0.225586 0.145734 0.326172 0.220853 0.280273 0.090144 0.100586 0.090144 0.132812 0.235878 0.315430 0.231370 0.326172 0.220853
0 0.062500 0.281551 0.125000 0.063102 0.125000 0.310997 0.110352 0.249398 0.000000 0.256911 0.000977 0.312500 0.125000 0.310997
0 0.889339 0.261298 0.213053 0.060095 0.783041 0.240886 0.809570 0.291466 0.896484 0.289964 0.996094 0.280950 0.978303 0.251739 0.963867 0.234375 0.950195 0.231370 0.783041 0.240886
0 0.681641 0.267548 0.207031 0.060097 0.588956 0.271636 0.596680 0.297477 0.644531 0.295973 0.785156 0.289964 0.760742 0.240384 0.749023 0.237380 0.578125 0.247897 0.588956 0.271636
0 0.465820 0.275301 0.212891 0.063102 0.451172 0.304988 0.572266 0.289964 0.545898 0.243389 0.359375 0.250902 0.367816 0.277062 0.375977 0.306491 0.451172 0.304988
0 0.243750 0.279928 0.218750 0.066106 0.333008 0.246394 0.134766 0.253906 0.145508 0.312500 0.222656 0.310997 0.353516 0.298978 0.333008 0.246394
0 0.054688 0.164995 0.109375 0.148739 0.000000 0.238883 0.031250 0.238883 0.109375 0.232872 0.077148 0.090144 0.000000 0.091647 0.000000 0.238883
0 0.066406 0.483745 0.132812 0.304989 0.000000 0.635517 0.013672 0.635517 0.132812 0.626503 0.077148 0.330528 0.000000 0.332031 0.000000 0.635517