0 0.595043 0.786243 0.808836 0.428736 1.000000 0.752613 0.699195 0.571264 0.191164 0.782409 0.352634 1.000000 0.790859 1.000000 1.000000 0.794742 1.000000 0.752613
0 0.852591 0.609891 0.295806 0.272908 1.000000 0.502905 0.939570 0.472745 0.704194 0.568266 1.000000 0.745653 1.000000 0.502905
0 0.715091 0.474878 0.439558 0.177881 0.699195 0.564191 0.934147 0.472252 0.744186 0.386309 0.494589 0.440247 0.699195 0.564191
0 0.350804 0.604104 0.682858 0.333208 0.486239 0.438275 0.009339 0.538208 0.179603 0.771483 0.692197 0.564191 0.486239 0.438275
0 0.541921 0.380835 0.390092 0.117920 0.737187 0.386153 0.592217 0.322195 0.347095 0.350250 0.492239 0.440116 0.737187 0.386153
0 0.410837 0.309262 0.352923 0.077898 0.587189 0.323020 0.474559 0.270731 0.234266 0.282208 0.341644 0.348630 0.587189 0.323020
0 0.311095 0.255831 0.325314 0.052288 0.231147 0.281936 0.473491 0.270731 0.382745 0.229648 0.148177 0.230822 0.231147 0.281936
0 0.230257 0.210240 0.301139 0.039230 0.380578 0.230009 0.301042 0.194795 0.079439 0.190780 0.145708 0.229477 0.380578 0.230009
0 0.162530 0.174696 0.281311 0.040017 0.303711 0.194795 0.237520 0.165450 0.022400 0.154778 0.076314 0.189459 0.303711 0.194795
0 0.035755 0.170732 0.071509 0.035214 0.000000 0.188392 0.071509 0.188392 0.017595 0.153178 0.000000 0.153791 0.000000 0.188392
0 0.070985 0.209687 0.141970 0.044373 0.000000 0.231895 0.141970 0.230544 0.074713 0.189459 0.000000 0.187522 0.000000 0.231895
0 0.112888 0.261024 0.225777 0.062673 0.000000 0.291658 0.225777 0.281806 0.143037 0.228984 0.000000 0.231214 0.000000 0.291658
0 0.166802 0.333472 0.333603 0.101319 0.000000 0.383658 0.333603 0.349567 0.225777 0.282339 0.000000 0.293725 0.000000 0.383658
0 0.242067 0.441542 0.484134 0.186209 0.000000 0.524752 0.006920 0.534792 0.484134 0.437686 0.338942 0.348583 0.000000 0.388981 0.000000 0.524752