0 0.521591 0.717862 0.630681 0.563848 0.721166 1.000000 0.836347 0.807636 0.445477 0.436152 0.205666 0.766919 0.268175 1.000000 0.721166 1.000000
0 0.726355 0.459810 0.546459 0.625870 1.000000 0.215250 0.656206 0.147444 0.453541 0.423484 0.851075 0.773314 1.000000 0.502430 1.000000 0.215250
0 0.477280 0.268415 0.335811 0.314955 0.448875 0.426058 0.644877 0.151481 0.455673 0.111103 0.309066 0.297222 0.448875 0.426058
0 0.284725 0.531818 0.306950 0.454261 0.200758 0.759181 0.437545 0.436152 0.298192 0.304920 0.130595 0.509344 0.200758 0.759181
0 0.189327 0.358675 0.188028 0.257975 0.124158 0.487523 0.282772 0.300211 0.217313 0.229548 0.094744 0.376403 0.124158 0.487523
0 0.145345 0.280371 0.143814 0.185742 0.094259 0.373566 0.217752 0.226183 0.173567 0.187823 0.073938 0.299747 0.094259 0.373566
0 0.326961 0.189209 0.207047 0.194042 0.289695 0.285453 0.430056 0.113844 0.336272 0.091411 0.223009 0.223484 0.289695 0.285453
0 0.256092 0.150809 0.152809 0.142242 0.220044 0.222708 0.331795 0.092395 0.271027 0.080466 0.178986 0.183769 0.220044 0.222708
0 0.204790 0.124544 0.118955 0.114712 0.173695 0.181413 0.263817 0.077712 0.224678 0.066700 0.144863 0.152778 0.173695 0.181413
0 0.282946 0.037938 0.112767 0.075877 0.283628 0.000000 0.226628 0.060950 0.269997 0.075877 0.339395 0.000000 0.283628 0.000000
0 0.344534 0.044050 0.135944 0.088100 0.346677 0.000000 0.277075 0.073717 0.337409 0.088100 0.413019 0.000000 0.346677 0.000000
0 0.431845 0.053856 0.182439 0.107713 0.413091 0.000000 0.340025 0.086547 0.436152 0.107713 0.522464 0.000000 0.413091 0.000000
0 0.609474 0.070063 0.297073 0.140127 0.547708 0.000000 0.461211 0.104798 0.654637 0.140127 0.758284 0.000000 0.547708 0.000000
0 0.832693 0.097052 0.334136 0.194105 0.776420 0.000000 0.665864 0.142930 1.000000 0.194105 1.000000 0.002878 0.845286 0.000000 0.776420 0.000000