0 0.362199 0.652424 0.621273 0.376723 0.673600 0.840856 0.603678 0.532484 0.271023 0.464133 0.052327 0.739208 0.673600 0.840856
0 0.803352 0.719329 0.394203 0.373033 1.000000 0.699497 0.915673 0.593552 0.605797 0.532484 0.686312 0.847214 1.000000 0.905517 1.000000 0.699497
0 0.961051 0.643895 0.078352 0.097164 1.000000 0.611967 0.921648 0.596083 1.000000 0.693247 1.000000 0.611967
0 0.896503 0.539252 0.205506 0.147253 1.000000 0.505431 0.996311 0.501880 0.794494 0.465086 0.915992 0.594386 1.000000 0.612339 1.000000 0.505431
0 0.743870 0.504248 0.337739 0.174120 0.599241 0.528189 0.912598 0.591839 0.792686 0.461144 0.574859 0.417719 0.599241 0.528189
0 0.436635 0.449153 0.320145 0.160806 0.596978 0.529038 0.572091 0.417012 0.352398 0.368231 0.276833 0.463691 0.596978 0.529038
0 0.174616 0.390949 0.349233 0.144398 0.000000 0.403834 0.267561 0.462966 0.349233 0.367791 0.112802 0.318567 0.000000 0.367059 0.000000 0.403834
0 0.674766 0.407938 0.221408 0.103377 0.785898 0.460295 0.728203 0.392402 0.564491 0.356919 0.577747 0.418711 0.785898 0.460295
0 0.463557 0.369165 0.223989 0.097705 0.575484 0.417861 0.561909 0.355059 0.391989 0.320156 0.351495 0.369488 0.575484 0.417861
0 0.255066 0.324940 0.272633 0.084255 0.118458 0.320264 0.353759 0.366941 0.391091 0.321113 0.218544 0.282686 0.118458 0.320264
0 0.058098 0.328395 0.116195 0.069291 0.000000 0.363119 0.116195 0.319416 0.000000 0.293828 0.000000 0.363119
0 0.107387 0.281805 0.214773 0.072986 0.000000 0.294102 0.115064 0.317719 0.214773 0.280566 0.040402 0.244733 0.000000 0.250689 0.000000 0.294102
0 0.160106 0.255468 0.242088 0.051561 0.039270 0.244733 0.219139 0.281225 0.281358 0.259159 0.141248 0.229664 0.039270 0.244733
0 0.321214 0.288789 0.198678 0.061953 0.287014 0.258311 0.222533 0.282073 0.393353 0.320264 0.421211 0.290464 0.287014 0.258311
0 0.480022 0.322585 0.166294 0.067045 0.418241 0.288864 0.396747 0.320264 0.563041 0.355909 0.552238 0.318742 0.418241 0.288864
0 0.738933 0.350077 0.155991 0.056403 0.817573 0.377973 0.773455 0.344877 0.661583 0.321570 0.685216 0.352514 0.817573 0.377973
0 0.614550 0.320816 0.132225 0.054131 0.680691 0.347422 0.659197 0.321113 0.548466 0.293291 0.556253 0.321963 0.680691 0.347422
0 0.489184 0.295040 0.134619 0.049455 0.556253 0.319416 0.550597 0.293956 0.434408 0.269961 0.421634 0.287166 0.556253 0.319416
0 0.360870 0.267553 0.156114 0.047606 0.423897 0.291409 0.438603 0.269344 0.324119 0.243803 0.282489 0.260009 0.423897 0.291409
0 0.236541 0.237874 0.173081 0.041373 0.282489 0.258311 0.323214 0.242186 0.205347 0.216938 0.150133 0.228608 0.282489 0.258311