0 0.541655 0.749211 0.683309 0.498422 0.658984 0.499394 0.199453 0.786061 0.199453 0.787059 0.281031 0.997816 0.734575 0.993820 0.882762 0.801044 0.658984 0.499394
0 0.836019 0.567043 0.325163 0.424711 0.888695 0.354297 0.674922 0.488408 0.673027 0.487934 0.898648 0.779008 0.996767 0.652250 0.998189 0.464369 0.888695 0.354297
0 0.949773 0.365012 0.096422 0.158148 0.998194 0.286077 0.901772 0.347000 0.997245 0.444225 0.998194 0.286077
0 0.785667 0.239605 0.255709 0.182336 0.659930 0.198272 0.777162 0.330809 0.913197 0.251209 0.802042 0.148473 0.657488 0.197095 0.659930 0.198272
0 0.594347 0.325374 0.348069 0.250748 0.422027 0.266569 0.548141 0.450908 0.768623 0.334122 0.646800 0.200159 0.420555 0.265798 0.422027 0.266569
0 0.268445 0.467688 0.533766 0.404127 0.404563 0.266261 0.000817 0.375855 0.116581 0.670388 0.116353 0.669400 0.534583 0.455767 0.404563 0.266261
0 0.166516 0.233755 0.333033 0.220636 0.000519 0.343794 0.333552 0.260077 0.248628 0.123158 0.000519 0.158094 0.000519 0.343794
0 0.414493 0.175747 0.300861 0.157744 0.265400 0.123139 0.345433 0.254673 0.565520 0.199291 0.481412 0.096930 0.264659 0.122150 0.265400 0.123139
0 0.609075 0.137542 0.233775 0.121959 0.725762 0.153989 0.642786 0.075819 0.491988 0.094541 0.576620 0.197778 0.725762 0.153989
0 0.906013 0.137492 0.133902 0.137484 0.972970 0.169364 0.927730 0.068616 0.839069 0.090130 0.889848 0.206100 0.972970 0.169364
0 0.968323 0.112103 0.064770 0.114831 0.979925 0.169728 1.000000 0.156270 0.998744 0.054897 0.935230 0.067161 0.979925 0.169728
0 0.708558 0.054155 0.138991 0.108311 0.639306 0.005742 0.680186 0.108311 0.776389 0.090125 0.778297 0.089397 0.741777 0.000000 0.639306 0.005742
0 0.805596 0.042373 0.111192 0.084745 0.831172 0.001734 0.750503 0.001370 0.787295 0.085389 0.861695 0.066839 0.831172 0.000644 0.831172 0.001734