0 0.316927 0.646973 0.627603 0.387695 0.002605 0.811523 0.009114 0.824219 0.627605 0.840820 0.630208 0.833008 0.625000 0.821289 0.593750 0.768555 0.552083 0.680664 0.494792 0.579102 0.463542 0.512695 0.449219 0.500000 0.149739 0.457031 0.115886 0.453125 0.106770 0.456055 0.005208 0.782227 0.002605 0.811523
0 0.735156 0.678613 0.523438 0.344727 0.997395 0.846680 0.994792 0.766602 0.756511 0.546875 0.738281 0.539062 0.605469 0.523438 0.511719 0.507812 0.477864 0.505859 0.473958 0.508789 0.601562 0.752930 0.654948 0.841797 0.992188 0.850586 0.997395 0.846680
0 0.280469 0.406348 0.335938 0.168945 0.378906 0.363281 0.154948 0.322266 0.145833 0.325195 0.111980 0.436523 0.113281 0.447266 0.373698 0.484375 0.447917 0.491211 0.445312 0.477539 0.390625 0.374023 0.378906 0.363281
0 0.565625 0.451953 0.328125 0.160156 0.441406 0.375000 0.401042 0.372070 0.467448 0.496094 0.701823 0.531250 0.729167 0.532227 0.729167 0.526367 0.713542 0.510742 0.595052 0.404297 0.441406 0.375000
0 0.793489 0.489453 0.361978 0.160156 0.677083 0.473633 0.751302 0.537109 0.769531 0.542969 0.912761 0.564453 0.973958 0.569336 0.933594 0.537109 0.785156 0.437500 0.611980 0.409180 0.677083 0.473633
0 0.263933 0.309766 0.227866 0.097656 0.149739 0.320312 0.347656 0.357422 0.377605 0.358398 0.367188 0.329102 0.342448 0.292969 0.212239 0.265625 0.166667 0.260742 0.149739 0.320312
0 0.470834 0.348730 0.229167 0.100586 0.399739 0.367188 0.571614 0.398438 0.585938 0.397461 0.514323 0.328125 0.378906 0.298828 0.356770 0.297852 0.382812 0.348633 0.399739 0.367188
0 0.650260 0.383105 0.247395 0.100586 0.526042 0.333008 0.602864 0.404297 0.770833 0.432617 0.773438 0.430664 0.764323 0.423828 0.667969 0.359375 0.537761 0.332031 0.526042 0.333008
0 0.254688 0.253906 0.171875 0.070312 0.173177 0.257812 0.233073 0.267578 0.332031 0.289062 0.338542 0.288086 0.341145 0.284180 0.328125 0.256836 0.325484 0.247105 0.295573 0.242188 0.281661 0.238892 0.246094 0.232422 0.194011 0.218750 0.180989 0.218750 0.177083 0.221680 0.169270 0.241211 0.169270 0.254883 0.173177 0.257812
0 0.418750 0.288281 0.171875 0.070312 0.489583 0.303711 0.457031 0.277344 0.355469 0.253906 0.333333 0.252930 0.343750 0.278320 0.358073 0.294922 0.412761 0.304688 0.485677 0.322266 0.505208 0.323242 0.505208 0.319336 0.489583 0.303711
0 0.561980 0.316992 0.177084 0.068359 0.651042 0.350586 0.592448 0.308594 0.485677 0.283203 0.473958 0.284180 0.516927 0.326172 0.634114 0.351562 0.651042 0.350586