0 0.309618 0.362337 0.619236 0.402800 0.000000 0.315773 0.076189 0.560809 0.085645 0.563853 0.120767 0.559794 0.431466 0.515152 0.446325 0.501961 0.478747 0.432969 0.538184 0.327448 0.581412 0.236134 0.613833 0.181345 0.619236 0.169169 0.616534 0.161053 0.000000 0.177625 0.000000 0.315773
0 0.729246 0.330641 0.542867 0.358158 1.000000 0.154830 0.994777 0.150906 0.644903 0.160037 0.589517 0.252367 0.457133 0.506020 0.461186 0.509064 0.496308 0.507034 0.593570 0.490802 0.731358 0.474567 0.750270 0.466450 0.997478 0.238162 1.000000 0.160511 1.000000 0.154830
0 0.255512 0.612764 0.348523 0.175528 0.081592 0.581102 0.116714 0.696767 0.126170 0.699811 0.358519 0.657197 0.370677 0.646036 0.427414 0.538488 0.430116 0.524283 0.353116 0.531386 0.082944 0.569941 0.081592 0.581102
0 0.551459 0.564448 0.340417 0.166397 0.381484 0.648066 0.423361 0.645022 0.582763 0.614583 0.705692 0.503991 0.721902 0.487758 0.721902 0.481669 0.693534 0.482684 0.450378 0.519209 0.381484 0.648066
0 0.787770 0.526948 0.375541 0.166397 0.744867 0.476597 0.667867 0.542545 0.600323 0.609511 0.779989 0.580086 0.933987 0.476597 0.975864 0.443114 0.912373 0.448187 0.763778 0.470509 0.744867 0.476597
0 0.238513 0.713230 0.236402 0.101461 0.138328 0.763731 0.185609 0.758658 0.320695 0.730248 0.346361 0.692708 0.357169 0.662270 0.326098 0.663284 0.120767 0.701839 0.138328 0.763731
0 0.454813 0.672566 0.237752 0.104506 0.362572 0.672416 0.335555 0.725177 0.358519 0.724161 0.499009 0.693723 0.573306 0.621686 0.558447 0.620670 0.380133 0.653139 0.362572 0.672416
0 0.639270 0.638190 0.256664 0.104505 0.523325 0.689664 0.658411 0.661255 0.758375 0.594291 0.767831 0.587189 0.765130 0.585159 0.590869 0.614583 0.511167 0.688650 0.523325 0.689664
0 0.229782 0.770901 0.178314 0.073052 0.145083 0.766775 0.141030 0.769819 0.141030 0.784023 0.149136 0.804316 0.153188 0.807359 0.166697 0.807359 0.220731 0.793155 0.257630 0.786433 0.272064 0.783009 0.303095 0.777900 0.305836 0.767789 0.319344 0.739380 0.316642 0.735322 0.309889 0.734308 0.207222 0.756628 0.145083 0.766775
0 0.400095 0.734964 0.178314 0.073053 0.336906 0.728220 0.322047 0.745469 0.311239 0.771848 0.334203 0.770833 0.439572 0.746483 0.473342 0.719087 0.489553 0.702855 0.489553 0.698795 0.469291 0.699811 0.393642 0.718073 0.336906 0.728220
0 0.549671 0.704262 0.183717 0.071023 0.457133 0.739380 0.469291 0.740395 0.580061 0.714016 0.640850 0.670388 0.623289 0.669372 0.501711 0.695752 0.457133 0.739380