0 0.175460 0.222635 0.350920 0.445270 0.000048 0.000000 0.001014 0.435134 0.252366 0.445270 0.309122 0.445270 0.316216 0.440203 0.350969 0.000000 0.000048 0.000000
0 0.676773 0.227702 0.647297 0.455405 0.403755 0.000000 0.352703 0.440203 0.369933 0.447297 0.785473 0.455405 1.000000 0.194355 1.000000 0.000000 0.403755 0.000000
0 0.908741 0.351219 0.183108 0.221188 1.000000 0.240433 0.847297 0.415878 0.816892 0.452366 0.819933 0.457433 1.000000 0.461620 1.000000 0.240433
0 0.156081 0.700295 0.312163 0.203716 0.041555 0.802027 0.288852 0.789866 0.297973 0.750337 0.312163 0.598311 0.001014 0.599325 0.000000 0.742230 0.041555 0.802027
0 0.488682 0.694215 0.364864 0.191555 0.339527 0.789866 0.530067 0.779730 0.664866 0.616555 0.670945 0.608445 0.666892 0.598311 0.327366 0.599325 0.306081 0.786825 0.339527 0.789866
0 0.767905 0.686571 0.435809 0.179392 0.553378 0.764527 0.549325 0.776689 0.748986 0.771622 0.985134 0.608445 0.982095 0.599325 0.968919 0.598311 0.682095 0.597297 0.664866 0.630744 0.553378 0.764527
0 0.885727 0.682517 0.227703 0.171284 1.000000 0.597387 0.996284 0.597297 0.991216 0.608445 0.963852 0.631756 0.783445 0.755405 0.772297 0.768581 0.949662 0.765541 0.967905 0.761486 0.978041 0.751352 1.000000 0.742061 1.000000 0.597387
0 0.984840 0.753263 0.029055 0.019025 1.000000 0.743936 0.980067 0.753378 0.970945 0.762500 1.000000 0.762961 1.000000 0.743936
0 0.176647 0.867061 0.218919 0.084122 0.066892 0.843581 0.114527 0.909459 0.266555 0.901352 0.281756 0.896284 0.285811 0.825338 0.106419 0.832433 0.071959 0.836486 0.066892 0.843581
0 0.390879 0.856672 0.206758 0.082094 0.321284 0.897297 0.440878 0.887162 0.494595 0.825338 0.494595 0.815203 0.296959 0.824325 0.287838 0.894256 0.321284 0.897297
0 0.572255 0.844215 0.235134 0.079055 0.454055 0.884122 0.592905 0.879055 0.686148 0.814189 0.689189 0.805067 0.503716 0.812163 0.490541 0.837500 0.454055 0.884122
0 0.737542 0.837458 0.259459 0.078041 0.608108 0.873986 0.631419 0.877027 0.742905 0.868919 0.858445 0.810134 0.867567 0.798986 0.698311 0.802027 0.673986 0.826352 0.608108 0.873986
0 0.878209 0.830785 0.243919 0.070945 1.000000 0.797409 0.962838 0.794933 0.874663 0.795945 0.866555 0.808108 0.756081 0.865878 0.876689 0.860811 1.000000 0.808936 1.000000 0.797409
0 0.205152 0.937795 0.154053 0.053716 0.127703 0.930744 0.147973 0.959122 0.157095 0.964189 0.258445 0.956081 0.275675 0.951014 0.281756 0.920608 0.277703 0.910473 0.142905 0.917567 0.130744 0.919595 0.127703 0.930744
0 0.351183 0.927449 0.139866 0.048648 0.281756 0.951014 0.398311 0.943919 0.421622 0.916555 0.421622 0.902366 0.292905 0.907433 0.283784 0.918581 0.281756 0.951014
0 0.484839 0.920692 0.154053 0.047634 0.416555 0.943919 0.513852 0.935811 0.552366 0.909459 0.561486 0.900338 0.559459 0.896284 0.432770 0.901352 0.407433 0.940878 0.416555 0.943919
0 0.611698 0.909206 0.170270 0.049662 0.550338 0.933784 0.627366 0.927703 0.697297 0.890203 0.696284 0.885134 0.681081 0.884122 0.574662 0.891216 0.527027 0.930744 0.550338 0.933784
0 0.726773 0.901985 0.172297 0.044595 0.734797 0.919595 0.807770 0.889189 0.812837 0.884122 0.808784 0.880067 0.702366 0.883108 0.640541 0.924662 0.734797 0.919595