0 0.442285 0.656770 0.622070 0.572916 0.404297 0.941406 0.608398 0.817708 0.739258 0.744792 0.753906 0.730469 0.409180 0.369792 0.168945 0.388020 0.131836 0.395833 0.134766 0.415364 0.343750 0.837239 0.367188 0.891927 0.386719 0.930989 0.395508 0.942708 0.404297 0.941406
0 0.697070 0.536589 0.525391 0.376303 0.958984 0.613281 0.807617 0.494792 0.608398 0.348958 0.448242 0.364583 0.433594 0.373698 0.473633 0.424480 0.696289 0.656250 0.754883 0.716145 0.771484 0.725261 0.938477 0.630208 0.958984 0.613281
0 0.812500 0.469531 0.375000 0.273438 0.999023 0.484375 0.756836 0.333333 0.702148 0.335938 0.625000 0.350261 0.678711 0.395833 0.877930 0.541667 0.948242 0.598958 0.961914 0.606770 0.976562 0.605469 1.000000 0.592448 0.999023 0.484375
0 0.885547 0.399740 0.230469 0.158855 1.000000 0.397136 0.977539 0.380208 0.879883 0.330730 0.868164 0.320312 0.799805 0.325520 0.769531 0.334636 0.893555 0.416667 0.995117 0.479167 1.000000 0.477864 1.000000 0.397136
0 0.937500 0.349479 0.125000 0.083333 1.000000 0.337239 0.993164 0.330730 0.944336 0.307292 0.875000 0.319011 0.895508 0.335938 0.995117 0.390625 1.000000 0.389323 1.000000 0.337239
0 0.207617 0.283073 0.365234 0.200520 0.381836 0.359375 0.390625 0.350261 0.237305 0.190105 0.028320 0.182292 0.025391 0.191406 0.031250 0.207031 0.117188 0.376302 0.122070 0.382812 0.146484 0.381511 0.362305 0.361980 0.381836 0.359375
0 0.420508 0.274219 0.322266 0.164062 0.581055 0.335938 0.582031 0.329427 0.409180 0.195312 0.262695 0.192708 0.259766 0.196614 0.268555 0.210938 0.401367 0.348958 0.411133 0.356770 0.423828 0.355469 0.573242 0.338542 0.581055 0.335938
0 0.584766 0.269531 0.285156 0.132812 0.726562 0.313802 0.555664 0.205730 0.450195 0.203125 0.441406 0.209636 0.588867 0.328125 0.602539 0.335938 0.619141 0.334636 0.717773 0.322917 0.725586 0.320312 0.726562 0.313802
0 0.700781 0.261719 0.273438 0.117188 0.649414 0.203125 0.564453 0.204427 0.719727 0.307292 0.743164 0.320312 0.753906 0.319011 0.831055 0.312500 0.837891 0.305989 0.668945 0.208333 0.649414 0.203125
0 0.800391 0.258594 0.253906 0.101562 0.926758 0.302083 0.927734 0.298177 0.911133 0.291667 0.893555 0.276042 0.875977 0.273438 0.801758 0.231770 0.784180 0.226562 0.758789 0.208333 0.673828 0.207031 0.842773 0.307292 0.869141 0.308594 0.926758 0.302083
0 0.113281 0.129557 0.226562 0.102864 0.000000 0.139323 0.020508 0.177083 0.226562 0.180989 0.209961 0.156250 0.145508 0.091145 0.028320 0.078125 0.000000 0.079427 0.000000 0.139323
0 0.275977 0.141276 0.236328 0.095052 0.158203 0.097656 0.245117 0.184895 0.390625 0.188802 0.394531 0.183594 0.383789 0.171875 0.293945 0.104167 0.182617 0.093750 0.158203 0.097656
0 0.420898 0.148568 0.216797 0.084636 0.334961 0.106770 0.312500 0.110677 0.325195 0.125000 0.413086 0.190105 0.529297 0.191406 0.518555 0.179688 0.458008 0.143230 0.424805 0.117188 0.334961 0.106770
0 0.532813 0.158073 0.203125 0.075520 0.431641 0.121094 0.545898 0.195312 0.634766 0.194011 0.631836 0.187500 0.549805 0.143230 0.530273 0.127605 0.467773 0.119792 0.431641 0.121094
0 0.625527 0.163281 0.182305 0.070312 0.676758 0.166667 0.655438 0.156981 0.616211 0.135417 0.551758 0.127605 0.534492 0.128264 0.655273 0.197917 0.714844 0.196614 0.716797 0.194011 0.708008 0.184895 0.676758 0.166667