0 0.356231 0.736867 0.712462 0.523734 0.644303 0.474491 0.078891 0.495394 0.078891 0.501200 0.000000 0.599909 0.002986 0.998225 0.712462 0.997064 0.644303 0.474491
0 0.828677 0.730079 0.341730 0.538283 1.000000 0.465202 0.999067 0.461717 0.658270 0.474491 0.757411 1.000000 1.000000 1.000000 1.000000 0.465202
0 0.365355 0.357805 0.546334 0.246859 0.611744 0.234264 0.264672 0.255303 0.092539 0.481123 0.638873 0.460786 0.611744 0.234264
0 0.810378 0.335419 0.377006 0.248963 0.997698 0.448163 0.999569 0.224447 0.987408 0.211122 0.622563 0.232863 0.659981 0.460084 0.997698 0.448163
0 0.438865 0.192790 0.340230 0.119955 0.346639 0.150777 0.269091 0.253127 0.609320 0.230609 0.596759 0.133172 0.346092 0.151595 0.346639 0.150777
0 0.793991 0.169809 0.381733 0.114617 0.863177 0.113112 0.602680 0.133581 0.623108 0.227730 0.984413 0.206045 0.863177 0.113112
0 0.935907 0.155658 0.128064 0.101941 0.873573 0.114031 0.989897 0.206555 1.000000 0.205736 0.999180 0.104614 0.871936 0.114031 0.873573 0.114031
0 0.471411 0.113267 0.245947 0.073409 0.393513 0.091067 0.349105 0.149752 0.595052 0.130331 0.586511 0.076342 0.392942 0.091920 0.393513 0.091067
0 0.726120 0.096255 0.267866 0.070634 0.794778 0.060764 0.592669 0.075916 0.601209 0.130972 0.860534 0.111553 0.794778 0.060338 0.794778 0.060764
0 0.898922 0.077680 0.200969 0.067861 0.999761 0.044333 0.798792 0.058844 0.868533 0.112194 0.867716 0.110555 0.999477 0.101737 0.999761 0.044333
0 0.490236 0.064229 0.189847 0.050333 0.580789 0.039811 0.422877 0.052802 0.395227 0.089441 0.585073 0.074989 0.580881 0.039108 0.580789 0.039811
0 0.688941 0.050428 0.206008 0.047731 0.751098 0.026381 0.586370 0.039373 0.591237 0.074112 0.792378 0.058495 0.751098 0.026966 0.751098 0.026381
0 0.877241 0.036510 0.245108 0.044895 0.798775 0.058797 1.000000 0.042734 0.923195 0.013902 0.754892 0.026867 0.798478 0.058622 0.798775 0.058797
0 0.503216 0.032426 0.156431 0.036727 0.443530 0.024198 0.424425 0.050858 0.580856 0.038095 0.578775 0.014131 0.443908 0.025050 0.443530 0.024198
0 0.664762 0.020495 0.167025 0.034741 0.721045 0.003213 0.582016 0.013706 0.585611 0.037953 0.749041 0.026469 0.720667 0.003637 0.721045 0.003213
0 0.822586 0.012627 0.195172 0.025253 0.765800 0.000000 0.725595 0.002481 0.753931 0.025253 0.920767 0.013528 0.884272 0.000273 0.764584 0.000273 0.765800 0.000000