0 0.259181 0.942662 0.343363 0.113448 0.430567 1.000000 0.380214 0.886552 0.087205 1.000000 0.430567 1.000000
0 0.693776 0.855822 0.612552 0.289769 1.000000 0.938216 0.818558 0.710231 0.387448 0.887041 0.443438 1.000000 1.000000 1.000000 1.000000 0.938216
0 0.910792 0.780948 0.177834 0.293145 1.000000 0.634527 0.822166 0.710917 1.000000 0.927672 1.000000 0.634527
0 0.933153 0.458969 0.135056 0.158562 1.000000 0.384242 0.993278 0.380297 0.864944 0.412742 1.000000 0.538859 1.000000 0.384242
0 0.847091 0.512131 0.306683 0.202387 1.000000 0.537380 0.864944 0.411197 0.693317 0.448970 0.833728 0.613584 1.000000 0.546930 1.000000 0.537380
0 0.643294 0.577459 0.377213 0.254917 0.455359 0.501738 0.587466 0.704738 0.832572 0.613584 0.688052 0.449820 0.455359 0.501738
0 0.358541 0.669189 0.445208 0.335253 0.136477 0.577670 0.223273 0.837116 0.581684 0.704250 0.445256 0.501862 0.136477 0.577670
0 0.107590 0.748069 0.215180 0.333637 0.000000 0.914292 0.215180 0.834027 0.127311 0.580655 0.000000 0.608123 0.000000 0.914292
0 0.116261 0.499199 0.232522 0.223398 0.000000 0.610592 0.232522 0.554477 0.174048 0.387194 0.000000 0.422281 0.000000 0.610592
0 0.328083 0.451677 0.293666 0.200228 0.406227 0.351158 0.181652 0.387622 0.233678 0.551386 0.475317 0.498858 0.406227 0.351158
0 0.979488 0.367088 0.040227 0.031052 1.000000 0.351216 0.959773 0.358705 0.985689 0.381114 0.996361 0.377719 1.000000 0.382267 1.000000 0.351216
0 0.946299 0.375469 0.076973 0.035313 0.908208 0.364314 0.937922 0.393338 0.985181 0.381792 0.958756 0.358025 0.908208 0.364314
0 0.868130 0.387671 0.139386 0.053467 0.798536 0.360920 0.857120 0.414388 0.937922 0.395373 0.908447 0.366175 0.798536 0.360920
0 0.786770 0.407734 0.123541 0.052967 0.724433 0.382983 0.775305 0.434081 0.847973 0.415067 0.813927 0.381114 0.724433 0.382983
0 0.694623 0.416102 0.154870 0.072828 0.616877 0.379588 0.682308 0.452416 0.771747 0.432044 0.720930 0.381114 0.616877 0.379588
0 0.588817 0.413162 0.187009 0.079450 0.494791 0.373644 0.552214 0.453094 0.681800 0.453094 0.614213 0.375681 0.494791 0.373644
0 0.481359 0.409834 0.137717 0.082167 0.550183 0.451058 0.488573 0.371669 0.412466 0.368891 0.452613 0.449698 0.550183 0.451058
0 0.277445 0.369757 0.083016 0.023889 0.319486 0.364623 0.313969 0.357073 0.236470 0.371503 0.240975 0.380962 0.319486 0.364623
0 0.353531 0.358264 0.078938 0.019653 0.392487 0.354277 0.389933 0.347848 0.313550 0.357502 0.318378 0.367502 0.392487 0.354277
0 0.289602 0.345373 0.085455 0.043870 0.331897 0.354922 0.317895 0.322664 0.246442 0.331695 0.259719 0.366534 0.331897 0.354922
0 0.358588 0.335120 0.082800 0.042114 0.400695 0.346534 0.384502 0.313452 0.317895 0.322986 0.332863 0.355566 0.400695 0.346534
0 0.424809 0.325259 0.080869 0.041144 0.448066 0.305391 0.384763 0.311373 0.400938 0.346534 0.465631 0.338147 0.448066 0.305391
0 0.662160 0.370455 0.086820 0.015911 0.689594 0.362714 0.618648 0.376967 0.705469 0.378625 0.689594 0.362714
0 0.648668 0.355234 0.084836 0.035469 0.664042 0.337853 0.606494 0.348792 0.629811 0.373322 0.691330 0.364703 0.664042 0.337853
0 0.587211 0.362691 0.086922 0.028508 0.606741 0.349123 0.543633 0.357830 0.556881 0.374647 0.617903 0.377631 0.630555 0.372658 0.606741 0.349123
0 0.509705 0.365752 0.091286 0.015878 0.555392 0.373984 0.543219 0.358106 0.476758 0.366692 0.464106 0.372658 0.555392 0.373984
0 0.621882 0.332506 0.078139 0.033763 0.661562 0.339511 0.639955 0.315030 0.583423 0.324927 0.604756 0.348792 0.661562 0.339511
0 0.564314 0.341242 0.081753 0.032484 0.523995 0.331320 0.544230 0.357411 0.605748 0.348130 0.583672 0.324927 0.523995 0.331320
0 0.501717 0.348984 0.084684 0.035467 0.459298 0.338777 0.479239 0.367023 0.543983 0.357080 0.523889 0.331556 0.459298 0.338777
0 0.433972 0.354691 0.086694 0.031258 0.403078 0.352823 0.412855 0.371028 0.464303 0.369998 0.477423 0.364845 0.459416 0.339770 0.390987 0.346983 0.390730 0.355228 0.403078 0.352823
0 0.471833 0.326273 0.028041 0.021297 0.465591 0.337022 0.485656 0.334961 0.471350 0.316742 0.471250 0.315725 0.457616 0.318130 0.465591 0.337022
0 0.500559 0.326479 0.057367 0.015458 0.529645 0.328778 0.522486 0.320609 0.472278 0.318472 0.485141 0.333930 0.529645 0.328778
0 0.545284 0.323902 0.046819 0.010305 0.566175 0.323969 0.521414 0.319503 0.529388 0.329808 0.568233 0.325342 0.566175 0.323969
0 0.851503 0.350424 0.078006 0.025848 0.890661 0.363633 0.862925 0.337784 0.812655 0.344344 0.830567 0.360931 0.890661 0.363633
0 0.901621 0.349554 0.075117 0.033483 0.907130 0.365561 0.938620 0.359389 0.909989 0.332078 0.863503 0.337398 0.890661 0.364789 0.907130 0.365561
0 0.947656 0.343306 0.076563 0.033487 0.985714 0.353216 0.951889 0.326288 0.909152 0.332770 0.939777 0.359775 0.985714 0.353216
0 0.975961 0.335917 0.048797 0.034334 1.000000 0.326891 0.991941 0.319364 0.951203 0.325150 0.984430 0.353698 1.000000 0.352117 1.000000 0.326891
0 0.934127 0.321020 0.040130 0.013916 0.913963 0.314708 0.928380 0.328623 0.954092 0.325150 0.946003 0.315120 0.913963 0.314708
0 0.884066 0.329610 0.033758 0.012345 0.900598 0.330631 0.897177 0.326308 0.866841 0.323608 0.876953 0.335953 0.900598 0.330631
0 0.852927 0.331729 0.046478 0.016583 0.845172 0.339811 0.875508 0.336725 0.864530 0.323994 0.829030 0.323228 0.845172 0.339811
0 0.820199 0.329538 0.056023 0.024702 0.824106 0.317941 0.791866 0.317941 0.815120 0.342642 0.847889 0.337702 0.824106 0.317941
0 0.781736 0.329589 0.066597 0.031053 0.791680 0.316750 0.749053 0.313706 0.771252 0.343347 0.815650 0.344759 0.791680 0.316750
0 0.746164 0.334023 0.045453 0.021172 0.755337 0.322928 0.723156 0.322881 0.735313 0.344053 0.768609 0.341230 0.755337 0.322928
0 0.615933 0.315266 0.047491 0.011781 0.639041 0.309688 0.591550 0.310883 0.600536 0.321469 0.625905 0.319352 0.639041 0.309688