0 0.838468 0.373665 0.183186 0.181705 0.926398 0.390209 0.792345 0.282083 0.747598 0.307242 0.930784 0.463788 0.926398 0.390209
0 0.690095 0.238211 0.214566 0.138922 0.797156 0.285955 0.663695 0.180048 0.582591 0.168867 0.747847 0.307789 0.797156 0.285955
0 0.553266 0.114625 0.222156 0.129250 0.664211 0.179311 0.561616 0.089197 0.442055 0.050061 0.579794 0.167470 0.664211 0.179311
0 0.789801 0.479073 0.320227 0.355022 0.739908 0.301761 0.629436 0.354875 0.949662 0.656783 0.930802 0.460463 0.739908 0.301761
0 0.558199 0.244573 0.372648 0.242272 0.745047 0.298756 0.577492 0.163767 0.372398 0.123389 0.626436 0.365661 0.745047 0.298756
0 0.489393 0.676884 0.978786 0.647517 0.978786 1.000000 0.947934 0.661978 0.618319 0.352483 0.000000 0.640553 0.000000 0.832875 0.102262 1.000000 0.978786 1.000000
0 0.308895 0.341412 0.617789 0.548448 0.000000 0.615534 0.617789 0.352709 0.357380 0.120789 0.000000 0.067086 0.000000 0.615534
0 0.401231 0.079109 0.333712 0.158217 0.234906 0.000000 0.366994 0.130561 0.568619 0.158217 0.430795 0.043203 0.290598 0.000000 0.234906 0.000000
0 0.178868 0.059165 0.357736 0.118330 0.000000 0.000000 0.000000 0.066673 0.350389 0.118330 0.357736 0.110141 0.225725 0.000000 0.000000 0.000000
0 0.860734 0.328823 0.127719 0.129522 0.917425 0.325408 0.834480 0.263328 0.796258 0.283828 0.923977 0.392850 0.917425 0.325408
0 0.877452 0.283217 0.083030 0.091434 0.917322 0.265006 0.870423 0.237122 0.836628 0.263911 0.919658 0.328556 0.917322 0.265006
0 0.363439 0.022639 0.145628 0.045278 0.290370 0.000000 0.435998 0.045278 0.380172 0.000000 0.290370 0.000000
0 0.469657 0.043998 0.179939 0.087995 0.378992 0.000000 0.437164 0.046442 0.558931 0.087995 0.441555 0.000000 0.378992 0.000000