0 0.262536 0.692083 0.525072 0.615416 0.525072 1.000000 0.165116 0.393503 0.000000 0.384584 0.000000 1.000000 0.525072 1.000000
0 0.506863 0.699938 0.635602 0.599875 0.775750 1.000000 0.824728 0.948053 0.435191 0.419658 0.435963 0.413489 0.189127 0.400125 0.551288 1.000000 0.775750 1.000000
0 0.684266 0.681505 0.468531 0.513009 0.830545 0.937570 0.918030 0.833931 0.590678 0.430234 0.590123 0.430606 0.449498 0.424561 0.830545 0.937570
0 0.786211 0.632281 0.369297 0.383313 0.601539 0.440689 0.918284 0.824002 0.970836 0.760528 0.695655 0.444088 0.601539 0.440689
0 0.850984 0.602838 0.298844 0.308800 1.000000 0.705986 0.767564 0.448561 0.701156 0.448561 0.971561 0.757361 1.000000 0.723947 1.000000 0.705986
0 0.205766 0.195102 0.411533 0.390205 0.000000 0.000000 0.000000 0.083119 0.161194 0.361553 0.411533 0.390205 0.181737 0.061030 0.180781 0.058483 0.030133 0.000000 0.000000 0.000000
0 0.066920 0.231851 0.133841 0.241827 0.000000 0.336894 0.133841 0.352819 0.000000 0.110992 0.000000 0.336894
0 0.384366 0.243030 0.378106 0.342311 0.430753 0.397688 0.573456 0.414605 0.359978 0.138741 0.358823 0.138934 0.195350 0.072294 0.430753 0.397688
0 0.524555 0.284490 0.308486 0.278355 0.578481 0.414423 0.678873 0.424162 0.481934 0.192456 0.480397 0.192969 0.370387 0.145808 0.578481 0.414423
0 0.623568 0.313753 0.259636 0.233756 0.681002 0.427111 0.752931 0.431212 0.575178 0.229481 0.575994 0.228725 0.493295 0.197456 0.681002 0.427111
0 0.698050 0.335983 0.227350 0.200091 0.651972 0.260250 0.584422 0.236595 0.756273 0.435972 0.811772 0.436686 0.651972 0.260250
0 0.753709 0.350085 0.204292 0.178295 0.812314 0.436869 0.855478 0.439013 0.704372 0.279005 0.703466 0.277153 0.651186 0.260717 0.812314 0.436869