0 0.629772 0.808647 0.740794 0.329794 1.000000 0.644492 0.395000 0.690000 0.259206 0.974286 1.000000 0.947636 1.000000 0.644492
0 0.189593 0.833869 0.379186 0.286488 0.379186 0.691130 0.000556 0.715000 0.000000 0.977617 0.239209 0.974286 0.379186 0.691130
0 0.699392 0.596895 0.601909 0.178164 1.000000 0.507306 0.456103 0.555398 0.398091 0.685470 1.000000 0.640548 1.000000 0.507306
0 0.221067 0.637885 0.442134 0.160145 0.000000 0.717448 0.383872 0.686231 0.442134 0.557303 0.000000 0.596386 0.000000 0.717448
0 0.240114 0.537418 0.480228 0.115461 0.000000 0.595625 0.448831 0.553748 0.480228 0.480164 0.103511 0.514917 0.000000 0.578113 0.000000 0.595625
0 0.726280 0.495286 0.546309 0.121822 1.000000 0.498548 0.920891 0.434592 0.487538 0.480119 0.453691 0.556414 1.000000 0.505402 1.000000 0.498548
0 0.703177 0.432255 0.431353 0.089509 0.508587 0.427397 0.488059 0.477773 0.919412 0.434778 0.864144 0.388264 0.508587 0.427397
0 0.686703 0.390839 0.354656 0.072303 0.523873 0.390917 0.509781 0.426364 0.864437 0.387395 0.824667 0.354061 0.523873 0.390917
0 0.673434 0.361201 0.299992 0.056777 0.823416 0.354530 0.795603 0.332731 0.535948 0.365564 0.523423 0.389508 0.823416 0.354530
0 0.663550 0.340361 0.261475 0.049472 0.794606 0.332192 0.770548 0.316289 0.543464 0.346981 0.533131 0.365761 0.794606 0.332192
0 0.657578 0.324487 0.227656 0.042725 0.754838 0.303787 0.549745 0.330970 0.543152 0.346513 0.770808 0.315759 0.754838 0.303787
0 0.653021 0.311180 0.202917 0.037986 0.754211 0.302848 0.741969 0.292798 0.556617 0.316933 0.551294 0.330784 0.754211 0.302848
0 0.444902 0.346398 0.208553 0.039672 0.548891 0.326472 0.368866 0.348000 0.340338 0.366144 0.542002 0.341966 0.548891 0.326472
0 0.426174 0.363784 0.230473 0.043194 0.311528 0.385159 0.533294 0.358864 0.542002 0.341966 0.342216 0.365675 0.311528 0.385159
0 0.401210 0.384728 0.264920 0.050706 0.522333 0.382059 0.534173 0.359336 0.309963 0.385394 0.269253 0.410042 0.522333 0.382059
0 0.366257 0.412354 0.310639 0.062208 0.211322 0.443864 0.510980 0.409953 0.521961 0.381656 0.267061 0.409827 0.211322 0.443864