0 0.520555 0.825716 0.484861 0.348308 0.670684 1.000000 0.763375 0.804525 0.548728 0.651692 0.278514 1.000000 0.670684 1.000000
0 0.320267 0.772420 0.456159 0.454214 0.274036 1.000000 0.548225 0.654095 0.401686 0.545786 0.092066 0.830889 0.199850 1.000000 0.274036 1.000000
0 0.200688 0.646082 0.401377 0.364039 0.401686 0.547291 0.291569 0.464555 0.000309 0.676755 0.093359 0.828594 0.401686 0.547291
0 0.146208 0.542505 0.292416 0.266261 0.000000 0.674619 0.000184 0.675156 0.292416 0.467562 0.204323 0.408895 0.000000 0.533159 0.000000 0.674619
0 0.100891 0.444552 0.201781 0.176603 0.000000 0.532848 0.201781 0.404383 0.137406 0.356245 0.000000 0.430295 0.000000 0.532848
0 0.067856 0.375354 0.135712 0.113208 0.000000 0.431566 0.135712 0.357750 0.077948 0.318358 0.000000 0.354248 0.000000 0.431566
0 0.039480 0.322286 0.078959 0.069572 0.000000 0.356620 0.078959 0.315630 0.035761 0.287048 0.000000 0.303100 0.000000 0.356620
0 0.017871 0.281070 0.035742 0.043389 0.000000 0.302470 0.035742 0.286452 0.000000 0.259081 0.000000 0.302470
0 0.149833 0.299584 0.143416 0.077294 0.078702 0.314620 0.112077 0.338681 0.222117 0.281169 0.185964 0.261387 0.078702 0.314620
0 0.187277 0.323504 0.149553 0.084508 0.223439 0.281756 0.112408 0.339855 0.150409 0.366264 0.261961 0.304408 0.223439 0.281756
0 0.228648 0.350954 0.157295 0.095658 0.264745 0.303470 0.150409 0.368025 0.193367 0.399128 0.307705 0.330466 0.264745 0.303470
0 0.278437 0.382211 0.169373 0.105047 0.309688 0.329292 0.193367 0.399128 0.245909 0.434339 0.362741 0.355252 0.309688 0.329292
0 0.333874 0.414888 0.177123 0.120400 0.362230 0.355114 0.244588 0.434339 0.304641 0.475514 0.421711 0.386217 0.362230 0.355114
0 0.396643 0.455526 0.187036 0.142302 0.490591 0.419658 0.423509 0.385033 0.303555 0.477169 0.373480 0.527334 0.490591 0.419658
0 0.472197 0.501790 0.197519 0.166080 0.491913 0.419070 0.372950 0.526466 0.454572 0.585150 0.570469 0.460222 0.491913 0.419070
0 0.560927 0.557833 0.212480 0.196916 0.454864 0.585738 0.553669 0.656161 0.667344 0.508859 0.572395 0.459245 0.454864 0.585738
0 0.918267 0.607559 0.149034 0.168242 0.952742 0.691178 0.993389 0.566764 0.894725 0.522936 0.844355 0.632492 0.952742 0.691178
0 0.820731 0.558220 0.147712 0.147689 0.747202 0.582023 0.842041 0.632492 0.894914 0.523923 0.807162 0.484803 0.747202 0.582023
0 0.736177 0.517330 0.141103 0.128409 0.664919 0.539183 0.746541 0.581436 0.806022 0.484605 0.726759 0.453027 0.664919 0.539183
0 0.670239 0.480577 0.112353 0.114280 0.666598 0.509706 0.652058 0.533180 0.663623 0.538462 0.726409 0.455128 0.659572 0.424183 0.614056 0.479189 0.666598 0.509706
0 0.605757 0.440200 0.108389 0.080400 0.611744 0.479777 0.659659 0.424613 0.598525 0.399377 0.551270 0.448086 0.611744 0.479777
0 0.548260 0.413349 0.102770 0.073573 0.551602 0.449847 0.599847 0.399964 0.544750 0.376273 0.497077 0.419330 0.551602 0.449847
0 0.495451 0.387607 0.097152 0.065839 0.498398 0.421091 0.544000 0.377663 0.497939 0.355252 0.446848 0.395856 0.498398 0.421091
0 0.450523 0.365479 0.094795 0.062208 0.497738 0.354775 0.453456 0.333648 0.402942 0.374317 0.447178 0.395856 0.497738 0.354775
0 0.407968 0.345357 0.090936 0.056339 0.453127 0.335997 0.415455 0.317803 0.362191 0.352808 0.402897 0.374142 0.453127 0.335997
0 0.368744 0.327875 0.090612 0.055750 0.361656 0.355386 0.414528 0.317828 0.378841 0.299636 0.323916 0.334719 0.361656 0.355386
0 0.333541 0.309609 0.088958 0.050469 0.326298 0.335433 0.378180 0.300222 0.343152 0.284964 0.289222 0.316142 0.326298 0.335433
0 0.302830 0.292129 0.086909 0.049883 0.289948 0.317828 0.346125 0.283791 0.313411 0.267945 0.259216 0.299636 0.289948 0.317828
0 0.421613 0.308421 0.049477 0.029342 0.428408 0.322522 0.446912 0.305503 0.417172 0.293180 0.397436 0.306853 0.428408 0.322522
0 0.455793 0.322777 0.052211 0.029930 0.446583 0.307264 0.429069 0.322522 0.461783 0.337194 0.481280 0.321936 0.446583 0.307264
0 0.487713 0.337891 0.053552 0.032033 0.480006 0.321919 0.460558 0.337519 0.494906 0.353952 0.514109 0.334308 0.480006 0.321919
0 0.523995 0.353208 0.057366 0.034541 0.514513 0.335289 0.494906 0.352838 0.532236 0.369830 0.552272 0.351014 0.514513 0.335289
0 0.562670 0.369947 0.059716 0.036769 0.552783 0.350888 0.532550 0.370108 0.572703 0.387656 0.592266 0.367256 0.552783 0.350888
0 0.604420 0.387521 0.065091 0.040667 0.592898 0.366469 0.572352 0.388195 0.617680 0.407136 0.637442 0.385131 0.592898 0.366469
0 0.653263 0.406102 0.069025 0.043455 0.637600 0.384852 0.617994 0.407136 0.667870 0.428306 0.687019 0.403688 0.637600 0.384852
0 0.705155 0.428225 0.072811 0.047075 0.686848 0.404908 0.668184 0.428862 0.722297 0.451983 0.740995 0.424803 0.686848 0.404908
0 0.761980 0.450566 0.077086 0.051131 0.783541 0.475934 0.800009 0.448080 0.740995 0.424803 0.722923 0.451147 0.783541 0.475934
0 0.824304 0.477128 0.082983 0.057381 0.800480 0.448080 0.783227 0.476492 0.850044 0.505461 0.866209 0.473234 0.800480 0.448080
0 0.894016 0.505192 0.088031 0.063509 0.865875 0.473706 0.850347 0.505461 0.923909 0.537216 0.938378 0.501775 0.865875 0.473706
0 0.962340 0.534323 0.074680 0.062395 1.000000 0.525155 0.938652 0.502675 0.925320 0.537494 0.991509 0.565070 1.000000 0.535406 1.000000 0.525155
0 0.982653 0.508270 0.034056 0.032166 1.000000 0.500986 0.973273 0.492958 0.965944 0.511589 1.000000 0.525123 1.000000 0.500986
0 0.938253 0.490155 0.067131 0.042809 0.965316 0.511867 0.972531 0.490419 0.913286 0.469058 0.905400 0.487355 0.965316 0.511867
0 0.880670 0.468539 0.064464 0.040203 0.905087 0.487913 0.913556 0.468414 0.859047 0.447709 0.849092 0.466186 0.905087 0.487913
0 0.829650 0.447874 0.062425 0.039498 0.798117 0.446408 0.849250 0.467020 0.860542 0.446688 0.809514 0.427522 0.798117 0.446408
0 0.779409 0.427837 0.058817 0.036923 0.761870 0.410108 0.761906 0.409952 0.749794 0.427656 0.799044 0.446875 0.808611 0.428492 0.761870 0.410108
0 0.733469 0.411141 0.057563 0.034783 0.751048 0.428492 0.762813 0.409830 0.717731 0.393709 0.705250 0.410108 0.751048 0.428492
0 0.690648 0.394420 0.053172 0.032591 0.706034 0.410944 0.717955 0.395066 0.679056 0.378353 0.664783 0.394230 0.706034 0.410944
0 0.652834 0.380248 0.052542 0.029247 0.665097 0.394787 0.678898 0.379189 0.640472 0.365541 0.626356 0.379745 0.665097 0.394787
0 0.616655 0.364598 0.048936 0.029195 0.627923 0.379745 0.640942 0.364705 0.606380 0.350550 0.592006 0.365819 0.627923 0.379745
0 0.581810 0.352572 0.047995 0.027019 0.592486 0.365928 0.606133 0.352000 0.573352 0.338909 0.558138 0.352280 0.592486 0.365928
0 0.551338 0.339748 0.046427 0.026372 0.559078 0.352558 0.574292 0.338909 0.543123 0.326186 0.527866 0.340023 0.559078 0.352558
0 0.522043 0.326875 0.047211 0.025625 0.528336 0.339744 0.545277 0.326373 0.515631 0.314119 0.498066 0.326931 0.528336 0.339744