0 0.543359 0.699570 0.402344 0.289766 0.511719 0.844098 0.744141 0.667720 0.512695 0.554333 0.341797 0.656267 0.511719 0.844098
0 0.744141 0.551050 0.410156 0.195850 0.769531 0.649395 0.949219 0.514247 0.676758 0.453545 0.539062 0.539444 0.769531 0.649395
0 0.850977 0.433460 0.298828 0.129420 0.999023 0.382536 0.815430 0.368792 0.701172 0.440947 0.974609 0.498213 1.000000 0.477597 0.999023 0.382536
0 0.922461 0.330973 0.154297 0.074445 1.000000 0.367647 0.999023 0.293202 0.934570 0.295492 0.845703 0.353903 1.000000 0.367647
0 0.783789 0.324101 0.251953 0.060702 0.658203 0.342450 0.711914 0.350467 0.816406 0.353903 0.901367 0.304655 0.910156 0.294347 0.747070 0.293202 0.735352 0.295492 0.658203 0.342450
0 0.663672 0.394929 0.246094 0.083608 0.677734 0.436366 0.770508 0.382536 0.787109 0.367647 0.637695 0.352758 0.541016 0.406587 0.598633 0.423767 0.677734 0.436366
0 0.527148 0.476016 0.248047 0.114531 0.514648 0.419186 0.402344 0.482178 0.508789 0.533717 0.519531 0.532572 0.650391 0.450109 0.514648 0.419186
0 0.372461 0.567100 0.248047 0.159200 0.330078 0.647105 0.489258 0.552042 0.496094 0.541734 0.381836 0.487905 0.248047 0.564641 0.323242 0.645959 0.330078 0.647105
0 0.628516 0.316395 0.175781 0.051539 0.711914 0.290911 0.608398 0.293202 0.541016 0.333288 0.545898 0.336723 0.634766 0.342450 0.690430 0.313817 0.713867 0.300073 0.716797 0.294347 0.711914 0.290911
0 0.524805 0.373528 0.177734 0.059556 0.525391 0.402006 0.588867 0.368792 0.613281 0.351612 0.514648 0.343595 0.435547 0.385972 0.504883 0.403152 0.525391 0.402006
0 0.408789 0.433836 0.173828 0.080172 0.496094 0.413459 0.415039 0.393989 0.322266 0.440947 0.325195 0.446673 0.352539 0.460417 0.383789 0.474161 0.392578 0.473016 0.477539 0.428348 0.493164 0.419186 0.496094 0.413459
0 0.281250 0.503102 0.171875 0.103078 0.195312 0.509666 0.235352 0.554333 0.244141 0.553188 0.362305 0.490195 0.367188 0.482178 0.301758 0.451255 0.195312 0.505084 0.195312 0.509666
0 0.523047 0.313793 0.136719 0.040086 0.588867 0.302364 0.591797 0.296637 0.588867 0.293202 0.514648 0.293202 0.487305 0.311527 0.455078 0.326416 0.458008 0.329852 0.469727 0.332142 0.521484 0.333288 0.577148 0.304655 0.588867 0.302364
0 0.434180 0.358999 0.130859 0.049248 0.436523 0.334433 0.369141 0.369937 0.370117 0.373373 0.385742 0.377955 0.419922 0.383681 0.485352 0.352758 0.500000 0.342450 0.495117 0.339014 0.436523 0.334433
0 0.333594 0.409048 0.132812 0.061847 0.348633 0.377955 0.267578 0.418041 0.278320 0.426058 0.309570 0.439802 0.312500 0.438656 0.393555 0.398570 0.400391 0.390553 0.395508 0.387117 0.348633 0.377955
0 0.225195 0.463213 0.134766 0.073300 0.165039 0.481033 0.184570 0.499358 0.187500 0.498213 0.200195 0.494777 0.241211 0.471870 0.284180 0.453545 0.291992 0.448964 0.292969 0.443238 0.258789 0.426058 0.247070 0.426058 0.223633 0.439802 0.178711 0.455836 0.158203 0.468434 0.158203 0.473016 0.165039 0.481033
0 0.900089 0.638924 0.200178 0.243473 1.000000 0.528311 0.983616 0.516988 0.799822 0.655098 1.000000 0.760461 1.000000 0.528311
0 0.765625 0.838313 0.468750 0.317252 1.000000 0.789123 0.776367 0.680319 0.531250 0.862423 0.649414 0.996425 0.906250 0.997570 1.000000 0.995280 1.000000 0.789123