0 0.133716 0.842794 0.267431 0.060588 0.000000 0.839717 0.084517 0.873092 0.267431 0.864744 0.220262 0.812505 0.000000 0.823445 0.000000 0.839717
0 0.347102 0.832047 0.234830 0.064094 0.230428 0.813691 0.273453 0.863525 0.444202 0.853322 0.465258 0.799431 0.230428 0.813691
0 0.573297 0.821277 0.243469 0.064428 0.473841 0.799923 0.451034 0.852872 0.612673 0.848392 0.694503 0.788444 0.473841 0.799923
0 0.765784 0.812530 0.290944 0.068809 0.703597 0.787169 0.620364 0.847686 0.775403 0.840739 0.911308 0.778877 0.703597 0.787169
0 0.891430 0.807811 0.217234 0.065622 1.000000 0.774306 0.923695 0.777747 0.782766 0.839928 0.929438 0.834189 1.000000 0.809166 1.000000 0.774306
0 0.853592 0.720111 0.291559 0.127722 1.000000 0.656853 0.901291 0.656853 0.708441 0.784575 0.919955 0.775834 1.000000 0.742808 1.000000 0.656853
0 0.766841 0.356199 0.464931 0.603023 1.000000 0.072808 0.801717 0.054773 0.535069 0.657797 0.898305 0.652212 1.000000 0.583850 1.000000 0.072808
0 0.955575 0.622991 0.089275 0.058481 1.000000 0.593791 0.910725 0.652269 1.000000 0.652272 1.000000 0.593791
0 0.964770 0.761226 0.070166 0.028702 1.000000 0.746302 0.929834 0.775003 1.000000 0.772447 1.000000 0.746302
0 0.378928 0.335598 0.757856 0.668070 0.000000 0.544702 0.110603 0.669383 0.517348 0.657903 0.757856 0.051091 0.000000 0.001312 0.000000 0.544702
0 0.043527 0.625332 0.087053 0.100664 0.000000 0.675028 0.087053 0.670223 0.000000 0.574364 0.000000 0.675028
0 0.107001 0.748576 0.214002 0.144027 0.000000 0.821311 0.214002 0.810942 0.097744 0.677284 0.000000 0.681191 0.000000 0.821311
0 0.314989 0.738844 0.398728 0.143313 0.115527 0.678144 0.225491 0.810622 0.466216 0.796341 0.514255 0.667309 0.115527 0.678144
0 0.681459 0.726807 0.409794 0.137989 0.531622 0.665339 0.477186 0.796433 0.699995 0.784028 0.886980 0.658444 0.531622 0.665339