0 0.523178 0.823796 0.483856 0.350717 0.765172 0.799617 0.553039 0.648375 0.281316 0.999092 0.671414 0.997603 0.765172 0.799617
0 0.326970 0.771963 0.450814 0.456427 0.277966 0.997603 0.552542 0.650755 0.407720 0.543573 0.101728 0.825706 0.212670 1.000000 0.277966 0.997603
0 0.209274 0.642623 0.396673 0.360247 0.011047 0.673177 0.103008 0.823434 0.407720 0.545063 0.298894 0.463187 0.011047 0.673177
0 0.149866 0.539556 0.299731 0.263487 0.000000 0.639695 0.010925 0.671595 0.299731 0.466166 0.212670 0.408108 0.000000 0.537619 0.000000 0.639695
0 0.105080 0.447056 0.210159 0.181613 0.000000 0.537619 0.210159 0.403642 0.146538 0.356006 0.000000 0.435081 0.000000 0.537619
0 0.072432 0.377689 0.144864 0.117878 0.000000 0.436392 0.144864 0.357495 0.087777 0.318514 0.000000 0.358984 0.000000 0.436392
0 0.044388 0.324716 0.088777 0.074431 0.046083 0.287530 0.001980 0.307353 0.000000 0.361961 0.088777 0.315814 0.046083 0.287530
0 0.004745 0.257150 0.009489 0.014300 0.000000 0.264072 0.009489 0.259645 0.000000 0.249772 0.000000 0.264072
0 0.023033 0.283359 0.046066 0.047967 0.000000 0.307613 0.046066 0.286939 0.010469 0.259645 0.000000 0.264872 0.000000 0.307613
0 0.159930 0.300745 0.141736 0.076489 0.230256 0.281712 0.194527 0.262138 0.088520 0.314816 0.121506 0.338627 0.230256 0.281712
0 0.195776 0.324626 0.147802 0.083627 0.159389 0.365920 0.269634 0.304709 0.231562 0.282294 0.121833 0.339788 0.159389 0.365920
0 0.237101 0.350455 0.155452 0.094661 0.201844 0.398442 0.314841 0.330495 0.272386 0.303781 0.159389 0.367663 0.201844 0.398442
0 0.285257 0.381664 0.167389 0.103953 0.253770 0.433287 0.369233 0.355023 0.316800 0.329334 0.201844 0.398442 0.253770 0.433287
0 0.340648 0.414261 0.175047 0.119147 0.311814 0.474033 0.427511 0.385666 0.368727 0.354886 0.252464 0.433287 0.311814 0.474033
0 0.403359 0.454785 0.184844 0.140820 0.310741 0.475670 0.379845 0.525314 0.495584 0.418758 0.429289 0.384494 0.310741 0.475670
0 0.477289 0.500926 0.195203 0.164352 0.459987 0.582528 0.574525 0.458900 0.496891 0.418177 0.379322 0.524453 0.459987 0.582528
0 0.565933 0.555245 0.209991 0.194866 0.670266 0.507031 0.576430 0.457933 0.460275 0.583108 0.557923 0.652798 0.670266 0.507031
0 0.918956 0.603558 0.147287 0.166491 0.894981 0.520961 0.845202 0.629377 0.952320 0.687452 0.992489 0.564333 0.894981 0.520961
0 0.821428 0.555888 0.145981 0.146152 0.895169 0.521939 0.808445 0.483225 0.749188 0.579433 0.842916 0.629377 0.895169 0.521939
0 0.736913 0.515098 0.139450 0.127072 0.807319 0.483030 0.728984 0.451780 0.667869 0.537038 0.748534 0.578852 0.807319 0.483030
0 0.672705 0.479982 0.111036 0.113089 0.662586 0.423236 0.617603 0.477670 0.669528 0.507869 0.655159 0.531098 0.666589 0.536325 0.728639 0.453859 0.662586 0.423236
0 0.609809 0.438219 0.107117 0.079563 0.602253 0.398689 0.555553 0.446891 0.615317 0.478252 0.662670 0.423661 0.602253 0.398689
0 0.552345 0.412966 0.101566 0.072808 0.549108 0.375825 0.501994 0.418434 0.555880 0.448633 0.603559 0.399270 0.549108 0.375825
0 0.501132 0.387264 0.096014 0.065153 0.502847 0.355023 0.452353 0.395205 0.503300 0.420177 0.548367 0.377202 0.502847 0.355023
0 0.456217 0.365155 0.093684 0.061559 0.408963 0.373891 0.452680 0.395205 0.502647 0.354553 0.458884 0.333645 0.408963 0.373891
0 0.413685 0.345063 0.089870 0.055752 0.368688 0.352605 0.408919 0.373717 0.458558 0.335969 0.421328 0.317966 0.368688 0.352605
0 0.376025 0.327585 0.089550 0.055170 0.385142 0.299986 0.330863 0.334705 0.368161 0.355156 0.420413 0.317989 0.385142 0.299986
0 0.340832 0.310909 0.087914 0.049944 0.349872 0.285467 0.296575 0.316320 0.333217 0.335411 0.384489 0.300567 0.349872 0.285467
0 0.310133 0.293431 0.085891 0.049362 0.320480 0.268627 0.266920 0.299986 0.297292 0.317989 0.352811 0.284306 0.320480 0.268627
0 0.427574 0.308269 0.048898 0.029038 0.423027 0.293598 0.403520 0.307128 0.434130 0.322636 0.452419 0.305794 0.423027 0.293598
0 0.460175 0.322621 0.051600 0.029617 0.467114 0.337153 0.486383 0.322055 0.452091 0.307536 0.434783 0.322636 0.467114 0.337153
0 0.492087 0.337725 0.052923 0.031700 0.499850 0.353737 0.518827 0.334297 0.485123 0.322038 0.465903 0.337475 0.499850 0.353737
0 0.528346 0.353028 0.056692 0.034181 0.536742 0.369450 0.556542 0.350830 0.519225 0.335269 0.499850 0.352634 0.536742 0.369450
0 0.567008 0.368193 0.059016 0.036386 0.576734 0.387091 0.596067 0.366903 0.557047 0.350705 0.537052 0.369725 0.576734 0.387091
0 0.608727 0.385747 0.064328 0.040244 0.621184 0.406367 0.640714 0.384591 0.596692 0.366123 0.576386 0.387623 0.621184 0.406367
0 0.655983 0.405875 0.068216 0.043000 0.670786 0.427316 0.689709 0.402955 0.640870 0.384316 0.621494 0.406367 0.670786 0.427316
0 0.707854 0.427980 0.071958 0.046584 0.724575 0.450747 0.743055 0.423850 0.689542 0.404162 0.671097 0.427867 0.724575 0.450747
0 0.763091 0.448737 0.076183 0.050598 0.743055 0.423850 0.725194 0.449919 0.785100 0.474448 0.801377 0.446884 0.743055 0.423850
0 0.825380 0.475266 0.082009 0.056783 0.850825 0.503667 0.866800 0.471777 0.801842 0.446884 0.784791 0.475000 0.850825 0.503667
0 0.895062 0.503298 0.086998 0.062847 0.923823 0.535091 0.938123 0.500020 0.866470 0.472244 0.851125 0.503667 0.923823 0.535091
0 0.962391 0.532435 0.074781 0.061745 1.000000 0.523514 0.938395 0.500911 0.925219 0.535367 0.990633 0.562656 0.999347 0.532169 1.000000 0.523514
0 0.982942 0.506734 0.034634 0.032219 1.000000 0.499533 0.972611 0.491295 0.965366 0.509731 1.000000 0.523514 1.000000 0.499533
0 0.939422 0.488370 0.066344 0.042364 0.913325 0.467644 0.905533 0.485750 0.964745 0.510008 0.971877 0.488783 0.913325 0.467644
0 0.881855 0.466766 0.063709 0.039783 0.859722 0.446519 0.849884 0.464802 0.905223 0.486302 0.913594 0.467006 0.859722 0.446519
0 0.830847 0.446106 0.061694 0.039087 0.861200 0.445506 0.810769 0.426541 0.799506 0.445231 0.850039 0.465628 0.861200 0.445506
0 0.780627 0.427645 0.058128 0.036539 0.800422 0.445694 0.809878 0.427500 0.763684 0.409308 0.763720 0.409155 0.751750 0.426673 0.800422 0.445694
0 0.736257 0.410959 0.056889 0.034419 0.720062 0.393081 0.707727 0.409308 0.752989 0.427500 0.764616 0.409033 0.720062 0.393081
0 0.693462 0.394250 0.052548 0.032250 0.681841 0.377884 0.667734 0.393595 0.708502 0.410134 0.720283 0.394423 0.681841 0.377884
0 0.655652 0.380096 0.051928 0.028942 0.643708 0.365205 0.629758 0.379263 0.668045 0.394147 0.681686 0.378711 0.643708 0.365205
0 0.619494 0.364446 0.048363 0.028892 0.610016 0.350370 0.595811 0.365480 0.631308 0.379263 0.644173 0.364378 0.610016 0.350370
0 0.586216 0.352432 0.047433 0.026739 0.577375 0.338850 0.562339 0.352081 0.596286 0.365589 0.609772 0.351806 0.577375 0.338850
0 0.555754 0.339611 0.045883 0.026097 0.547502 0.326261 0.532422 0.339953 0.563269 0.352358 0.578305 0.338850 0.547502 0.326261
0 0.526454 0.326742 0.046658 0.025359 0.520331 0.314319 0.502970 0.326998 0.532887 0.339678 0.549628 0.326447 0.520331 0.314319