0 0.746270 0.304187 0.508164 0.608375 0.491836 0.000000 0.847370 0.600114 1.000000 0.608375 1.000000 0.000000 0.491836 0.000000
0 0.503875 0.296723 0.639000 0.593445 0.223386 0.000000 0.184231 0.041603 0.575852 0.573773 0.575077 0.579986 0.823231 0.593445 0.465589 0.000000 0.223386 0.000000
0 0.326144 0.309899 0.471037 0.516673 0.419533 0.563122 0.420091 0.562747 0.561467 0.568836 0.178383 0.052163 0.090430 0.156541 0.419533 0.563122
0 0.223137 0.360212 0.371273 0.386050 0.037341 0.230469 0.313994 0.549169 0.408614 0.552591 0.090175 0.166541 0.037341 0.230469
0 0.154177 0.389878 0.308353 0.311006 0.000109 0.276622 0.241702 0.544664 0.308462 0.544664 0.036612 0.233658 0.000109 0.276622
0 0.800182 0.801406 0.400364 0.396563 1.000000 0.889583 0.851313 0.632294 0.599636 0.603437 0.830661 0.934962 0.831620 0.937528 0.991561 0.999728 0.996144 1.000000 1.000000 1.000000 1.000000 0.889583
0 0.938719 0.750302 0.121188 0.219355 1.000000 0.655536 0.878813 0.641091 1.000000 0.860445 1.000000 0.655536
0 0.627564 0.750503 0.380128 0.344756 0.651466 0.856697 0.652627 0.856502 0.816975 0.923619 0.580313 0.595900 0.436847 0.578862 0.651466 0.856697
0 0.486317 0.708922 0.310134 0.280344 0.528856 0.802597 0.530403 0.802081 0.641000 0.849580 0.431795 0.579045 0.330866 0.569236 0.528856 0.802597
0 0.386762 0.680213 0.261023 0.235427 0.435116 0.765308 0.434295 0.766069 0.517436 0.797562 0.328725 0.566266 0.256413 0.562136 0.435116 0.765308
0 0.311158 0.657009 0.228566 0.201519 0.253050 0.557344 0.197256 0.556623 0.357911 0.734320 0.425822 0.758142 0.253050 0.557344
0 0.255818 0.644472 0.205386 0.179569 0.305230 0.715431 0.306142 0.717295 0.358702 0.733848 0.196711 0.556439 0.153316 0.554280 0.305230 0.715431