0 0.519814 0.717313 0.627128 0.565875 0.714753 1.000000 0.833044 0.802817 0.444375 0.434125 0.205916 0.762406 0.269756 1.000000 0.714753 1.000000
0 0.726928 0.457457 0.547606 0.621164 1.000000 0.215716 0.653919 0.147589 0.452394 0.421553 0.847689 0.768753 1.000000 0.492234 1.000000 0.215716
0 0.476334 0.267230 0.333919 0.312586 0.454514 0.111520 0.308733 0.296241 0.447755 0.424106 0.642652 0.151597 0.454514 0.111520
0 0.283861 0.528548 0.305222 0.450845 0.297920 0.303881 0.131267 0.506767 0.201036 0.754727 0.436489 0.434125 0.297920 0.303881
0 0.188797 0.357705 0.186969 0.256036 0.217495 0.229075 0.095619 0.374827 0.124867 0.485111 0.282587 0.299206 0.217495 0.229075
0 0.146502 0.279673 0.143005 0.184345 0.173997 0.187664 0.074930 0.298747 0.095137 0.372009 0.217934 0.225734 0.173997 0.187664
0 0.326378 0.188479 0.205881 0.192583 0.335786 0.091978 0.223161 0.223058 0.289472 0.284561 0.429042 0.114242 0.335786 0.091978
0 0.255662 0.151838 0.151948 0.141175 0.270909 0.081113 0.179386 0.183641 0.220213 0.222288 0.331334 0.092953 0.270909 0.081113
0 0.204455 0.124113 0.118284 0.113850 0.224822 0.067452 0.145455 0.152883 0.174125 0.181302 0.263739 0.078381 0.224822 0.067452
0 0.283202 0.038280 0.113278 0.076559 0.283711 0.000963 0.226761 0.061745 0.269884 0.076559 0.340039 0.000000 0.283711 0.000963
0 0.344690 0.044345 0.136255 0.088691 0.347317 0.000000 0.276923 0.074417 0.336917 0.088691 0.413178 0.000000 0.347317 0.000000
0 0.430272 0.054077 0.182419 0.108155 0.435103 0.108155 0.521936 0.000000 0.413178 0.000064 0.339517 0.087150 0.435103 0.108155
0 0.607539 0.070163 0.296328 0.140327 0.547067 0.000000 0.460022 0.105262 0.652358 0.140327 0.756350 0.000000 0.547067 0.000000
0 0.832302 0.097272 0.336478 0.194544 1.000000 0.004188 0.774427 0.000000 0.663522 0.143108 1.000000 0.194544 1.000000 0.004188