0 0.625413 0.670189 0.747702 0.393503 1.000000 0.597595 0.763323 0.473714 0.252298 0.550667 0.584187 0.867217 1.000000 0.670466 1.000000 0.597595
0 0.399941 0.455150 0.712383 0.185300 0.043998 0.375859 0.235634 0.547627 0.756381 0.471633 0.545305 0.362327 0.045486 0.373958 0.043998 0.375859
0 0.266924 0.315365 0.533848 0.108855 0.000950 0.331014 0.034278 0.369531 0.534195 0.359122 0.381444 0.275841 0.000347 0.260677 0.000950 0.331014
0 0.184165 0.235291 0.368330 0.083083 0.000000 0.261313 0.368330 0.276455 0.255217 0.214372 0.000000 0.193372 0.000000 0.261313
0 0.125589 0.181665 0.251178 0.066455 0.158264 0.165161 0.001516 0.147917 0.000000 0.193173 0.251178 0.214372 0.158264 0.165161
0 0.076707 0.140195 0.153414 0.049141 0.082130 0.125902 0.000231 0.115625 0.000000 0.146722 0.153414 0.164766 0.082130 0.125902
0 0.885764 0.513841 0.227778 0.152681 1.000000 0.437741 0.772222 0.473264 1.000000 0.590422 1.000000 0.437741
0 0.775000 0.412637 0.450000 0.115898 0.760567 0.471052 0.999416 0.437045 1.000000 0.430106 0.820742 0.355153 0.550000 0.363020 0.760567 0.471052
0 0.912847 0.389559 0.175694 0.079117 1.000000 0.358569 0.984603 0.350241 0.824306 0.355208 1.000000 0.429358 1.000000 0.358569
0 0.601691 0.320863 0.422131 0.079227 0.660583 0.289861 0.390278 0.281423 0.535603 0.360650 0.812409 0.353711 0.660583 0.289861
0 0.822408 0.322041 0.313566 0.062831 0.842648 0.297481 0.665813 0.291025 0.812739 0.353856 0.979378 0.348731 0.842648 0.297481
0 0.683370 0.266260 0.304241 0.057520 0.719538 0.250405 0.531944 0.237500 0.655262 0.289666 0.836184 0.295020 0.719538 0.250405
0 0.461460 0.253166 0.397920 0.075083 0.527506 0.236723 0.262103 0.215178 0.378323 0.278959 0.660023 0.290261 0.527506 0.236723
0 0.565970 0.223417 0.275691 0.049959 0.618761 0.212928 0.428770 0.198066 0.523537 0.237913 0.704461 0.248025 0.618761 0.212928
0 0.342424 0.200927 0.359848 0.070605 0.417206 0.195036 0.162897 0.166072 0.253742 0.215856 0.522745 0.236677 0.417206 0.195036
0 0.251789 0.159646 0.334828 0.069292 0.331866 0.156964 0.084325 0.125148 0.157292 0.164698 0.419153 0.194441 0.331866 0.156964