0 0.849373 0.305869 0.301872 0.611738 0.819855 0.000000 0.698128 0.611738 1.000000 0.609473 1.000000 0.000000 0.819855 0.000000
0 0.442145 0.307268 0.749914 0.614536 0.067189 0.000000 0.344881 0.602606 0.696483 0.614536 0.817103 0.000000 0.067189 0.000000
0 0.174201 0.301040 0.348402 0.602080 0.000000 0.000000 0.000000 0.558248 0.034058 0.598716 0.348402 0.602080 0.076184 0.000000 0.000000 0.000000
0 0.015747 0.580771 0.031494 0.039667 0.000000 0.600464 0.031494 0.597409 0.000000 0.560797 0.000000 0.600464
0 0.932702 0.738399 0.134153 0.161173 1.000000 0.657992 0.865847 0.818412 1.000000 0.819166 1.000000 0.657992
0 0.827702 0.712466 0.346028 0.212431 1.000000 0.606830 0.698561 0.609778 0.653972 0.819261 0.865847 0.818412 1.000000 0.667673 1.000000 0.606830
0 0.526646 0.711346 0.347042 0.210192 0.352558 0.606664 0.443583 0.814072 0.653881 0.816856 0.699600 0.611336 0.352558 0.606664
0 0.240105 0.706647 0.411461 0.216419 0.034611 0.598880 0.237522 0.808884 0.446072 0.815298 0.348402 0.606664 0.034611 0.598880
0 0.120691 0.701192 0.241381 0.208634 0.000000 0.762630 0.051375 0.802400 0.241381 0.805956 0.036687 0.597322 0.000000 0.598294 0.000000 0.762630
0 0.026137 0.780173 0.052273 0.041597 0.000000 0.798394 0.052273 0.801286 0.000000 0.759689 0.000000 0.798394
0 0.893415 0.863273 0.211830 0.089045 1.000000 0.821181 0.864808 0.818412 0.788170 0.907458 0.945855 0.904047 1.000000 0.868439 1.000000 0.821181
0 0.970819 0.885466 0.057263 0.039681 1.000000 0.865567 0.942738 0.904047 1.000000 0.905248 1.000000 0.865567
0 0.753831 0.861705 0.229538 0.092159 0.654920 0.815298 0.638387 0.907458 0.786880 0.907159 0.867925 0.816856 0.654920 0.815298
0 0.549213 0.864675 0.210927 0.094975 0.443994 0.816856 0.486006 0.906161 0.636219 0.911831 0.654920 0.818412 0.443994 0.816856
0 0.366366 0.859215 0.238981 0.090305 0.246575 0.813742 0.335934 0.904047 0.485556 0.904047 0.446072 0.813742 0.246575 0.813742
0 0.201209 0.851386 0.280544 0.099647 0.060586 0.801286 0.198561 0.898378 0.341130 0.900933 0.238264 0.805956 0.060586 0.801286
0 0.099909 0.846047 0.199819 0.092094 0.000000 0.855770 0.063942 0.891819 0.199819 0.891591 0.061625 0.804400 0.000000 0.799725 0.000000 0.855770
0 0.030584 0.875527 0.061169 0.035428 0.000000 0.889514 0.061169 0.892650 0.000000 0.857222 0.000000 0.889514
0 0.036409 0.927555 0.072819 0.036359 0.000000 0.942978 0.072819 0.945020 0.000000 0.908661 0.000000 0.942978
0 0.086337 0.916287 0.172675 0.057575 0.000000 0.908436 0.071155 0.944189 0.172675 0.945852 0.079475 0.893481 0.000000 0.888277 0.000000 0.908436
0 0.178210 0.921977 0.206420 0.059580 0.282012 0.951398 0.197639 0.891819 0.075592 0.891819 0.174339 0.949177 0.282012 0.951398
0 0.300662 0.926327 0.185700 0.052653 0.393880 0.952784 0.340766 0.901794 0.208180 0.900131 0.282516 0.952502 0.393880 0.952784
0 0.424280 0.928442 0.170434 0.053759 0.508981 0.955553 0.485002 0.904288 0.338547 0.901794 0.393467 0.952502 0.508981 0.955553
0 0.561939 0.932476 0.152003 0.049327 0.628244 0.956939 0.637559 0.909275 0.485556 0.907612 0.509966 0.954995 0.628244 0.956939
0 0.708463 0.931920 0.157552 0.048214 0.638877 0.911234 0.630030 0.954995 0.746528 0.956658 0.787581 0.908444 0.638877 0.911234
0 0.844059 0.929210 0.197494 0.049045 0.865383 0.953477 0.942913 0.905119 0.789245 0.907612 0.745419 0.954164 0.865383 0.953477
0 0.932724 0.929667 0.134198 0.046834 1.000000 0.906595 0.941803 0.905950 0.865802 0.951670 0.983258 0.952784 1.000000 0.944780 1.000000 0.906595
0 0.992846 0.949963 0.013817 0.009300 1.000000 0.944728 0.986183 0.953333 1.000000 0.954028 1.000000 0.944728
0 0.958037 0.966426 0.084825 0.026602 1.000000 0.953255 0.986183 0.952502 0.915175 0.979103 1.000000 0.978409 1.000000 0.953255
0 0.900386 0.966662 0.169522 0.030198 0.814997 0.981869 0.910736 0.979934 0.984519 0.951670 0.860253 0.954164 0.814997 0.981869
0 0.791349 0.969540 0.145198 0.032830 0.718384 0.985331 0.814764 0.981597 0.863583 0.952502 0.744309 0.954164 0.718384 0.985331
0 0.682598 0.971655 0.124570 0.033936 0.627811 0.954164 0.620848 0.988100 0.717681 0.986584 0.745419 0.955827 0.627811 0.954164
0 0.568909 0.970898 0.115944 0.032420 0.511313 0.954995 0.524236 0.986023 0.620600 0.987416 0.627256 0.954995 0.511313 0.954995
0 0.459387 0.970066 0.128148 0.030758 0.395369 0.954164 0.430398 0.983945 0.523517 0.984922 0.510203 0.956658 0.395369 0.954164
0 0.360072 0.966941 0.142019 0.030758 0.288300 0.954164 0.337945 0.981869 0.430319 0.982428 0.394814 0.951670 0.288300 0.954164
0 0.255100 0.965545 0.153950 0.034216 0.332398 0.982561 0.285527 0.951670 0.178448 0.948345 0.250011 0.979934 0.332398 0.982561
0 0.161542 0.962770 0.173084 0.034914 0.175228 0.946683 0.074262 0.945852 0.158284 0.979791 0.156366 0.980766 0.247347 0.978272 0.175228 0.946683
0 0.077351 0.960791 0.154702 0.034083 0.000000 0.950561 0.070380 0.974947 0.154702 0.978272 0.071489 0.944189 0.000000 0.944417 0.000000 0.950561
0 0.036022 0.964288 0.072044 0.025452 0.000000 0.973616 0.072044 0.976609 0.000000 0.951158 0.000000 0.973616
0 0.032904 0.987378 0.065808 0.024756 0.065808 1.000000 0.003253 0.975778 0.000000 0.975244 0.000000 0.999244 0.001100 1.000000 0.065808 1.000000
0 0.065730 0.986795 0.125211 0.026716 0.127909 1.000000 0.073708 0.976609 0.002698 0.973284 0.064859 1.000000 0.127909 1.000000
0 0.141260 0.989405 0.129395 0.022559 0.206431 1.000000 0.163023 0.980766 0.077036 0.977441 0.127638 1.000000 0.206431 1.000000
0 0.221032 0.989720 0.126439 0.020066 0.283916 1.000000 0.250675 0.979934 0.157477 0.979934 0.205598 1.000000 0.283916 1.000000
0 0.305952 0.990136 0.115028 0.020897 0.363484 1.000000 0.338881 0.981597 0.248456 0.979103 0.287105 1.000000 0.363484 1.000000
0 0.390235 0.992330 0.108595 0.015909 0.444703 1.000000 0.432634 0.984091 0.336108 0.984091 0.362478 1.000000 0.444703 1.000000
0 0.479300 0.991914 0.099225 0.015078 0.529641 1.000000 0.524169 0.984922 0.430416 0.985753 0.445169 1.000000 0.529641 1.000000
0 0.573273 0.993061 0.096547 0.014247 0.618977 1.000000 0.620811 0.986023 0.524264 0.985753 0.531056 1.000000 0.618977 1.000000
0 0.669200 0.992330 0.100900 0.015909 0.706259 1.000000 0.718984 0.984091 0.621902 0.984922 0.618084 1.000000 0.706259 1.000000
0 0.760870 0.991598 0.109241 0.017572 0.788842 1.000000 0.814956 0.982428 0.718428 0.983259 0.705716 1.000000 0.788842 1.000000
0 0.848353 0.990867 0.124831 0.019234 0.871809 1.000000 0.911484 0.980766 0.818284 0.980766 0.786653 1.000000 0.871809 1.000000
0 0.935655 0.990136 0.127561 0.020897 1.000000 0.980631 0.914813 0.979103 0.872439 1.000000 0.953597 1.000000 1.000000 0.983428 1.000000 0.980631
0 0.979237 0.990262 0.042848 0.018023 1.000000 0.981977 0.957152 1.000000 1.000000 1.000000 1.000000 0.981977