0 0.605398 0.782892 0.788920 0.434534 1.000000 0.746295 0.700059 0.565466 0.211080 0.768694 0.382728 1.000000 0.765997 1.000000 1.000000 0.770342 1.000000 0.746295
0 0.852252 0.604773 0.295130 0.268920 1.000000 0.504869 0.931419 0.470642 0.704870 0.562581 1.000000 0.739563 1.000000 0.504869
0 0.714662 0.473105 0.423073 0.171211 0.743363 0.387447 0.503125 0.439362 0.700059 0.558658 0.926198 0.470167 0.743363 0.387447
0 0.364563 0.597856 0.657250 0.320713 0.199950 0.758177 0.693322 0.558658 0.495089 0.437464 0.036072 0.533650 0.199950 0.758177
0 0.548670 0.381750 0.375464 0.113500 0.361162 0.352741 0.500862 0.439238 0.736627 0.387297 0.597092 0.325738 0.361162 0.352741
0 0.422970 0.314051 0.339689 0.074977 0.252564 0.287250 0.355916 0.351181 0.592253 0.326531 0.483847 0.276205 0.252564 0.287250
0 0.326870 0.261102 0.313116 0.050328 0.395477 0.236661 0.169703 0.237791 0.249562 0.286989 0.482819 0.276205 0.395477 0.236661
0 0.248048 0.218879 0.289845 0.037758 0.103544 0.199252 0.167327 0.236495 0.393389 0.237009 0.316836 0.203116 0.103544 0.199252
0 0.183818 0.183320 0.270761 0.038516 0.048644 0.164600 0.100536 0.197980 0.319405 0.203116 0.255697 0.174870 0.048644 0.164600
0 0.047955 0.179447 0.095911 0.033894 0.044020 0.163059 0.000770 0.164566 0.000000 0.196953 0.095911 0.196953 0.044020 0.163059
0 0.081865 0.217144 0.163730 0.043662 0.000770 0.239075 0.163730 0.237522 0.098994 0.197980 0.000000 0.195412 0.000770 0.239075
0 0.122197 0.266691 0.244394 0.061506 0.000000 0.297528 0.244394 0.286863 0.164758 0.236022 0.000000 0.238591 0.000000 0.297528
0 0.174088 0.337538 0.348177 0.100077 0.002055 0.387453 0.348177 0.352083 0.244394 0.287377 0.000000 0.299702 0.002055 0.387453
0 0.246531 0.441176 0.493063 0.179227 0.493063 0.436898 0.353314 0.351136 0.000000 0.393247 0.000770 0.482519 0.033744 0.530363 0.493063 0.436898