0 0.440723 0.784406 0.806447 0.337562 0.844069 0.924844 0.803930 0.615769 0.257859 0.692977 0.037622 0.953331 0.844069 0.924844
0 0.530333 0.582865 0.538791 0.209480 0.261225 0.687377 0.800016 0.611577 0.787258 0.477897 0.375575 0.553356 0.261225 0.687377
0 0.581152 0.476554 0.406055 0.149983 0.783659 0.475025 0.775361 0.400987 0.449300 0.469291 0.377605 0.550970 0.783659 0.475025
0 0.612957 0.408166 0.322789 0.116331 0.773734 0.397655 0.768903 0.350630 0.496172 0.413216 0.450945 0.466961 0.773734 0.397655
0 0.633636 0.362840 0.267272 0.094430 0.767422 0.348150 0.765672 0.315942 0.533556 0.371845 0.500150 0.410372 0.767422 0.348150
0 0.650248 0.327542 0.231745 0.083209 0.765803 0.313970 0.763327 0.286389 0.559714 0.340281 0.534058 0.369598 0.765803 0.313970
0 0.661826 0.303128 0.201777 0.071881 0.762502 0.285158 0.761436 0.266834 0.577875 0.317734 0.560725 0.338716 0.762502 0.285158
0 0.670287 0.284235 0.181198 0.062220 0.760786 0.265730 0.760400 0.253597 0.594130 0.299567 0.579587 0.315817 0.760786 0.265730
0 0.338145 0.468675 0.307539 0.109225 0.183619 0.523955 0.443864 0.468844 0.491158 0.414730 0.269044 0.462830 0.183619 0.523955
0 0.400178 0.417063 0.253481 0.087252 0.492069 0.413091 0.526580 0.373716 0.335391 0.417273 0.273098 0.460967 0.492069 0.413091
0 0.446015 0.379257 0.210780 0.071014 0.525477 0.372605 0.551383 0.343681 0.380309 0.384792 0.340603 0.414695 0.525477 0.372605
0 0.478066 0.351458 0.187383 0.062291 0.551841 0.342252 0.571444 0.319641 0.419438 0.356564 0.384061 0.381931 0.551841 0.342252
0 0.504050 0.328591 0.167475 0.054058 0.572311 0.318297 0.587272 0.300959 0.448194 0.336036 0.419797 0.355017 0.572311 0.318297
0 0.359449 0.366182 0.156398 0.054239 0.438373 0.338806 0.314988 0.372253 0.281975 0.393045 0.401594 0.365231 0.438373 0.338806
0 0.321144 0.391526 0.157912 0.048677 0.242097 0.415447 0.370212 0.388269 0.400009 0.366770 0.280733 0.393953 0.242097 0.415447
0 0.267092 0.424952 0.199809 0.068653 0.239731 0.417356 0.167302 0.459206 0.319819 0.423425 0.329319 0.417356 0.367111 0.390553 0.239731 0.417356
0 0.202698 0.464116 0.227270 0.078233 0.089667 0.503817 0.257998 0.468258 0.316937 0.425584 0.164592 0.461894 0.089667 0.503817
0 0.126577 0.518310 0.253153 0.092870 0.000000 0.564202 0.174577 0.524339 0.253153 0.471331 0.086564 0.505334 0.000000 0.554673 0.000000 0.564202