0 0.361610 0.268552 0.723220 0.537103 0.000000 0.000000 0.000000 0.426422 0.066334 0.509392 0.066334 0.515417 0.653142 0.537103 0.723220 0.000000 0.000000 0.000000
0 0.833369 0.274778 0.332363 0.549556 0.769000 0.000000 0.667637 0.537103 1.000000 0.549556 1.000000 0.000000 0.769000 0.000000
0 0.364752 0.657745 0.567005 0.256114 0.259147 0.764508 0.619350 0.786336 0.647506 0.551322 0.080502 0.530222 0.259147 0.764508
0 0.815961 0.680436 0.369422 0.257747 1.000000 0.563717 0.669414 0.552050 0.630578 0.787791 1.000000 0.809797 1.000000 0.563717
0 0.440614 0.829412 0.353103 0.124450 0.344214 0.872953 0.343647 0.872103 0.603798 0.891217 0.616834 0.790128 0.263731 0.766767 0.344214 0.872953
0 0.804404 0.853207 0.390058 0.118914 1.000000 0.815245 0.631144 0.793116 0.609942 0.890792 0.880295 0.912030 1.000000 0.820303 1.000000 0.815245
0 0.944369 0.872392 0.110613 0.094784 1.000000 0.824475 0.891088 0.911077 0.889387 0.911077 1.000000 0.919259 1.000000 0.824475
0 0.474502 0.911518 0.255253 0.076161 0.392861 0.934902 0.392270 0.934016 0.593163 0.950178 0.602027 0.894164 0.346773 0.874017 0.392861 0.934902
0 0.739000 0.930391 0.278000 0.073283 0.809309 0.966339 0.809309 0.966783 0.877555 0.913647 0.608417 0.893500 0.599555 0.950620 0.809309 0.966339
0 0.907325 0.946906 0.186525 0.068812 1.000000 0.922377 0.885008 0.914683 0.885856 0.912983 0.813475 0.968331 1.000000 0.981795 1.000000 0.922377
0 0.493827 0.962047 0.197030 0.052219 0.587225 0.988080 0.587319 0.988808 0.591670 0.951581 0.394641 0.936589 0.423336 0.974600 0.587225 0.988080
0 0.700651 0.976880 0.213802 0.047509 0.765819 1.000000 0.806819 0.968695 0.598069 0.952491 0.593017 0.988533 0.738464 1.000000 0.765819 1.000000
0 0.885320 0.984559 0.230014 0.031619 1.000000 0.983266 0.813458 0.968381 0.813150 0.968562 0.769986 1.000000 0.982448 1.000000 1.000000 0.993413 1.000000 0.983266
0 0.506175 0.988254 0.162350 0.023383 0.586413 1.000000 0.587294 0.989858 0.424944 0.976617 0.441705 1.000000 0.586413 1.000000