0 0.114673 0.318841 0.229347 0.225183 0.000000 0.430438 0.109609 0.431631 0.229347 0.206448 0.227384 0.206448 0.077712 0.208656 0.000000 0.307294 0.000000 0.430438
0 0.031297 0.252024 0.062594 0.082173 0.000000 0.293261 0.062594 0.211638 0.000000 0.211088 0.000000 0.293261
0 0.258513 0.313849 0.273277 0.230823 0.237839 0.202225 0.122519 0.429614 0.341873 0.426672 0.395795 0.198791 0.237839 0.202225
0 0.469026 0.312959 0.228677 0.225919 0.568741 0.202225 0.567269 0.199281 0.407292 0.199281 0.354786 0.423728 0.583462 0.425200 0.568741 0.202225
0 0.702859 0.312041 0.246344 0.230333 0.579206 0.196516 0.595891 0.423905 0.825550 0.426848 0.741731 0.197984 0.579206 0.196516
0 0.873918 0.310663 0.250961 0.227577 1.000000 0.337142 0.907956 0.196950 0.907239 0.198559 0.749039 0.197486 0.836730 0.424527 1.000000 0.423116 1.000000 0.337142
0 0.958593 0.260408 0.082811 0.120816 1.000000 0.201161 0.917189 0.199894 1.000000 0.320709 1.000000 0.201161
0 0.801073 0.718063 0.399022 0.564250 1.000000 0.909039 0.830434 0.435750 0.829108 0.436744 0.600978 0.435750 0.643375 1.000000 0.721575 1.000000 1.000000 0.997812 1.000000 0.909039
0 0.921732 0.642570 0.155964 0.413264 1.000000 0.436461 0.844036 0.438405 1.000000 0.849725 1.000000 0.436461
0 0.425361 0.718629 0.388222 0.562258 0.619883 1.000000 0.586337 0.439731 0.353566 0.437742 0.231661 1.000000 0.619883 1.000000
0 0.169384 0.716166 0.338769 0.547958 0.000000 0.983720 0.206800 0.990803 0.338769 0.442845 0.338106 0.444703 0.112630 0.443708 0.000000 0.674831 0.000000 0.983720
0 0.050729 0.543767 0.101458 0.196909 0.000000 0.641661 0.101458 0.445158 0.100444 0.445158 0.000000 0.444752 0.000000 0.641661