0 0.958915 0.639517 0.083455 0.332159 1.000000 0.480678 0.982306 0.473105 0.916545 0.777134 1.000000 0.805264 1.000000 0.480678
0 0.800424 0.618274 0.353973 0.324048 0.977436 0.474186 0.758386 0.456331 0.623463 0.708970 0.907616 0.780380 0.977436 0.474186
0 0.579805 0.577251 0.337736 0.260752 0.749302 0.457956 0.578809 0.447138 0.411566 0.662447 0.615344 0.707889 0.749302 0.457956
0 0.413791 0.548941 0.324458 0.222883 0.436733 0.437400 0.251916 0.624139 0.408319 0.660283 0.576373 0.447138 0.436733 0.437400
0 0.280986 0.525502 0.308847 0.194753 0.317389 0.428744 0.127075 0.595720 0.251628 0.623497 0.435922 0.438481 0.317389 0.428744
0 0.172103 0.507410 0.287956 0.174195 0.215906 0.420088 0.028622 0.568655 0.121730 0.594283 0.316578 0.427663 0.215906 0.420088
0 0.107141 0.491422 0.214283 0.154719 0.000000 0.559181 0.003198 0.559661 0.026742 0.568316 0.214283 0.417925 0.133097 0.413597 0.000000 0.512055 0.000000 0.559181
0 0.064973 0.461772 0.129945 0.098544 0.000000 0.510344 0.129945 0.416184 0.059089 0.411800 0.000000 0.449870 0.000000 0.510344
0 0.165396 0.368346 0.208917 0.092942 0.202731 0.322430 0.061119 0.410502 0.131772 0.415372 0.270036 0.322836 0.202731 0.322430
0 0.244508 0.371795 0.217141 0.099841 0.218262 0.421459 0.352567 0.322836 0.275517 0.321619 0.135427 0.412125 0.218262 0.421459
0 0.331914 0.371565 0.226328 0.108755 0.317947 0.426169 0.445455 0.320813 0.358111 0.317414 0.219127 0.418522 0.317947 0.426169
0 0.437386 0.376736 0.237272 0.122222 0.433980 0.438063 0.556494 0.315841 0.451194 0.317414 0.319222 0.426169 0.433980 0.438063
0 0.558280 0.380727 0.247809 0.136455 0.578064 0.449108 0.682427 0.312653 0.558302 0.317414 0.434617 0.434664 0.578064 0.449108
0 0.710290 0.383582 0.251830 0.145289 0.757216 0.456755 0.836908 0.311466 0.686447 0.314016 0.585078 0.445709 0.757216 0.456755
0 0.881705 0.390101 0.235286 0.164577 1.000000 0.308453 0.836661 0.309963 0.764714 0.450875 0.976670 0.473030 1.000000 0.356719 1.000000 0.308453
0 0.920270 0.259995 0.159291 0.098114 1.000000 0.210339 0.890581 0.215088 0.840709 0.308453 1.000000 0.307661 1.000000 0.210339
0 0.788212 0.264266 0.198300 0.094156 0.760209 0.220892 0.689312 0.310827 0.836553 0.306870 0.887613 0.216670 0.760209 0.220892
0 0.658823 0.268142 0.198895 0.089409 0.642192 0.229800 0.559881 0.313200 0.689906 0.310827 0.758777 0.223791 0.642192 0.229800
0 0.547151 0.273580 0.191177 0.084661 0.642408 0.230912 0.543473 0.238706 0.451231 0.315573 0.559289 0.313200 0.642408 0.230912
0 0.452291 0.277457 0.185833 0.079914 0.456630 0.242666 0.358613 0.317156 0.452419 0.315573 0.544445 0.237242 0.456630 0.242666
0 0.366807 0.282125 0.180489 0.076750 0.380920 0.248455 0.276086 0.321163 0.355644 0.319580 0.456575 0.244413 0.380920 0.248455
0 0.291392 0.285083 0.173409 0.070166 0.378298 0.250430 0.311703 0.255425 0.204889 0.320595 0.273002 0.320595 0.378298 0.250430