0 0.967878 0.644441 0.063881 0.317008 1.000000 0.485836 0.936119 0.781302 1.000000 0.802844 1.000000 0.485836
0 0.816133 0.618027 0.363516 0.332928 0.635134 0.711272 0.926947 0.784637 0.998650 0.470055 0.773695 0.451709 0.635134 0.711272
0 0.590608 0.576135 0.346841 0.267895 0.417525 0.663472 0.626797 0.710159 0.764366 0.453380 0.589278 0.442264 0.417525 0.663472
0 0.419727 0.547308 0.333205 0.228991 0.414191 0.661250 0.586777 0.442264 0.443372 0.432259 0.253572 0.624116 0.414191 0.661250
0 0.283586 0.523481 0.317172 0.200088 0.253277 0.623455 0.442537 0.433372 0.320811 0.423367 0.125366 0.594917 0.253277 0.623455
0 0.172859 0.503546 0.295717 0.178967 0.119877 0.593442 0.319977 0.422255 0.216592 0.414475 0.024259 0.567111 0.119877 0.593442
0 0.107462 0.487292 0.214925 0.158959 0.000000 0.558552 0.022328 0.566764 0.214925 0.412252 0.131550 0.407805 0.000000 0.505159 0.000000 0.558552
0 0.064157 0.455010 0.128314 0.097520 0.000000 0.503480 0.128314 0.410463 0.055548 0.405959 0.000000 0.441763 0.000000 0.503480
0 0.165087 0.361806 0.214548 0.095488 0.130189 0.409628 0.272180 0.314558 0.203061 0.314141 0.057631 0.404625 0.130189 0.409628
0 0.245872 0.365351 0.222994 0.102577 0.277809 0.313306 0.133942 0.406292 0.219012 0.415883 0.356936 0.314558 0.277809 0.313306
0 0.336528 0.365242 0.232431 0.111734 0.362631 0.308986 0.219898 0.412864 0.321383 0.420720 0.452330 0.312478 0.362631 0.308986
0 0.445272 0.370598 0.243669 0.125572 0.458222 0.308986 0.322692 0.420720 0.440544 0.432942 0.566361 0.307370 0.458222 0.308986
0 0.567870 0.374784 0.254491 0.140194 0.568217 0.308986 0.441198 0.429450 0.588514 0.444289 0.695689 0.304095 0.568217 0.308986
0 0.724622 0.377759 0.258619 0.149269 0.699817 0.305495 0.595716 0.440798 0.772494 0.452145 0.854334 0.302877 0.699817 0.305495
0 0.889591 0.384442 0.219806 0.168884 1.000000 0.299981 0.854080 0.301331 0.780194 0.446105 0.997864 0.468866 1.000000 0.458214 1.000000 0.299981
0 0.928694 0.249927 0.141762 0.099853 1.000000 0.199927 0.909455 0.203856 0.858238 0.299780 1.000000 0.299077 1.000000 0.199927
0 0.804948 0.254618 0.203647 0.096736 0.853970 0.298155 0.906406 0.205483 0.775567 0.209822 0.702759 0.302219 0.853970 0.298155
0 0.672441 0.258430 0.204256 0.091859 0.703369 0.302219 0.774097 0.212798 0.654369 0.218972 0.569841 0.304658 0.703369 0.302219
0 0.555978 0.263803 0.196331 0.086981 0.458261 0.307097 0.569231 0.304658 0.654592 0.220116 0.552989 0.228123 0.458261 0.307097
0 0.457921 0.267614 0.190842 0.082103 0.459481 0.307097 0.553988 0.226619 0.463805 0.232191 0.363145 0.308722 0.459481 0.307097
0 0.370802 0.273802 0.185355 0.078853 0.360097 0.311211 0.463748 0.233984 0.386055 0.238137 0.278394 0.312837 0.360097 0.311211
0 0.293730 0.276668 0.178086 0.072086 0.205277 0.312255 0.275225 0.312255 0.383362 0.240169 0.314970 0.245300 0.205277 0.312255