0 0.036829 0.644354 0.073658 0.332458 0.000000 0.810303 0.073658 0.785464 0.007148 0.477845 0.000000 0.480908 0.000000 0.810303
0 0.191501 0.624875 0.358002 0.327875 0.233617 0.460873 0.012075 0.478941 0.082691 0.788748 0.370077 0.716497 0.233617 0.460873
0 0.412977 0.583477 0.341580 0.263830 0.415236 0.451572 0.242805 0.462519 0.378287 0.715402 0.584384 0.669423 0.415236 0.451572
0 0.581263 0.554945 0.328150 0.225514 0.745850 0.630664 0.558930 0.441720 0.417700 0.451572 0.587669 0.667234 0.745850 0.630664
0 0.715556 0.531338 0.312362 0.197050 0.872113 0.601909 0.679631 0.432963 0.559750 0.442814 0.746141 0.630013 0.872113 0.601909
0 0.825303 0.511562 0.291231 0.176250 0.971684 0.574523 0.782269 0.424205 0.680453 0.431867 0.877517 0.600455 0.971684 0.574523
0 0.892420 0.495460 0.216089 0.156545 1.000000 0.516788 0.866022 0.417636 0.783911 0.422014 0.973586 0.574181 0.997398 0.565423 1.000000 0.565033 1.000000 0.516788
0 0.934146 0.465248 0.130792 0.099247 1.000000 0.453930 0.940870 0.415819 0.869208 0.420253 1.000000 0.515066 1.000000 0.453930
0 0.833772 0.372020 0.211294 0.094039 0.938819 0.414505 0.795594 0.325394 0.727525 0.325803 0.867361 0.419433 0.938819 0.414505
0 0.753555 0.375510 0.219611 0.101020 0.644053 0.325803 0.779886 0.425592 0.863664 0.416147 0.721980 0.324572 0.644053 0.325803
0 0.664452 0.375332 0.228905 0.110039 0.550108 0.323756 0.679069 0.430356 0.779012 0.422619 0.638445 0.320317 0.550108 0.323756
0 0.557486 0.380582 0.239972 0.123664 0.437806 0.318727 0.561714 0.442391 0.677778 0.430356 0.544305 0.320317 0.437806 0.318727
0 0.436252 0.384659 0.250630 0.138067 0.310441 0.315500 0.415991 0.453567 0.561070 0.438952 0.435978 0.320317 0.310441 0.315500
0 0.282035 0.387564 0.254695 0.147003 0.154202 0.314300 0.234802 0.461303 0.408897 0.450128 0.306373 0.316878 0.154202 0.314300
0 0.113609 0.394148 0.227217 0.166420 0.000000 0.413683 0.012848 0.477770 0.227217 0.455355 0.154452 0.312778 0.000000 0.311350 0.000000 0.413683
0 0.075179 0.261902 0.150358 0.098805 0.000000 0.310503 0.150358 0.311250 0.099917 0.216783 0.000000 0.212445 0.000000 0.310503
0 0.203403 0.266384 0.200556 0.095269 0.303477 0.313653 0.231773 0.222656 0.102920 0.218384 0.154561 0.309650 0.303477 0.313653
0 0.333391 0.270233 0.201158 0.090466 0.434380 0.316055 0.351133 0.231669 0.233222 0.225589 0.302877 0.313653 0.434380 0.316055
0 0.448238 0.275644 0.193352 0.085663 0.450975 0.240681 0.350914 0.232794 0.434980 0.316055 0.544266 0.318456 0.450975 0.240681
0 0.543973 0.279491 0.187947 0.080858 0.637939 0.320056 0.538806 0.244686 0.449992 0.239198 0.543066 0.318456 0.637939 0.320056
0 0.630334 0.285702 0.182544 0.077655 0.721405 0.324109 0.615377 0.250544 0.538861 0.246455 0.640942 0.322509 0.721405 0.324109
0 0.706441 0.288621 0.175383 0.070992 0.685383 0.257597 0.618030 0.252544 0.724525 0.323536 0.793412 0.323536 0.685383 0.257597