0 0.799307 0.606079 0.279864 0.384033 0.934277 0.420684 0.658614 0.413633 0.659812 0.784602 0.938478 0.797666 0.934277 0.420684
0 0.800484 0.893942 0.288469 0.212884 0.944080 1.000000 0.938478 0.793933 0.662114 0.787116 0.655611 1.000000 0.944080 1.000000
0 0.511310 0.889818 0.303870 0.210886 0.662613 0.784602 0.364495 0.784781 0.358742 0.995487 0.655611 0.995487 0.662613 0.784602
0 0.203277 0.889492 0.334678 0.216484 0.369944 0.780869 0.049370 0.784781 0.035266 0.995487 0.355941 0.997353 0.369944 0.780869
0 0.795207 0.233641 0.271664 0.373533 0.930075 0.073563 0.660364 0.047152 0.659812 0.403888 0.931477 0.420684 0.930075 0.073563
0 0.512659 0.588268 0.294069 0.385911 0.655611 0.407620 0.373250 0.394958 0.365744 0.779003 0.659812 0.780869 0.655611 0.407620
0 0.518534 0.213923 0.287067 0.390347 0.662613 0.047436 0.378502 0.019141 0.375545 0.390825 0.657011 0.409488 0.662613 0.047436
0 0.208937 0.576055 0.317875 0.398986 0.367144 0.394556 0.061625 0.376284 0.049269 0.775270 0.358742 0.773405 0.367144 0.394556
0 0.220737 0.198212 0.316475 0.396423 0.378347 0.019442 0.084384 0.000000 0.061872 0.374028 0.371345 0.396423 0.378347 0.019442
0 0.795045 0.033049 0.274464 0.066098 0.658413 0.000000 0.658614 0.044817 0.928675 0.066098 0.932877 0.000000 0.658413 0.000000
0 0.520959 0.024651 0.285667 0.049302 0.378347 0.002645 0.380252 0.021475 0.659812 0.049302 0.664014 0.000000 0.378347 0.002645