0 0.253663 0.880501 0.507327 0.236002 0.391462 0.762323 0.002045 0.824705 0.000000 0.998325 0.507327 0.996509 0.391462 0.762323
0 0.696749 0.844680 0.605998 0.304986 0.503238 0.996509 0.996680 0.996509 1.000000 0.896663 0.841286 0.691523 0.394002 0.761127 0.503238 0.996509
0 0.925268 0.780248 0.150536 0.232370 1.000000 0.664292 0.849464 0.696970 0.999406 0.896663 1.000000 0.664292
0 0.193005 0.541865 0.386011 0.552480 0.155647 0.284875 0.002045 0.266122 0.000000 0.818602 0.386011 0.762323 0.155647 0.284875
0 0.775209 0.498209 0.450417 0.374544 0.831744 0.328445 0.554192 0.311534 0.549583 0.312106 0.838559 0.686078 0.993953 0.658847 1.000000 0.517245 0.831744 0.328445
0 0.278587 0.158523 0.538425 0.313922 0.548220 0.315738 0.362838 0.059767 0.054777 0.001816 0.009795 0.001816 0.146898 0.281561 0.548220 0.315738
0 0.917723 0.422073 0.163572 0.181645 0.999406 0.342969 0.840491 0.331970 0.835834 0.335706 0.998042 0.513616 0.999406 0.342969
0 0.814390 0.225229 0.372530 0.231708 0.829019 0.328445 0.999406 0.341153 1.000000 0.313922 0.822203 0.143275 0.627470 0.109445 0.829019 0.328445
0 0.072882 0.139715 0.145764 0.279430 0.004342 0.000000 0.000341 0.263852 0.146105 0.279430 0.012522 0.000000 0.004342 0.000000
0 0.670652 0.072056 0.294430 0.144113 0.523650 0.000333 0.626039 0.109355 0.818080 0.144113 0.673045 0.000000 0.523650 0.000333
0 0.472980 0.055355 0.305334 0.110709 0.319730 0.000000 0.361555 0.060309 0.625064 0.110709 0.526920 0.000000 0.319730 0.000000
0 0.216876 0.029939 0.290002 0.059878 0.320820 0.000333 0.071166 0.000000 0.361167 0.059878 0.320820 0.000333
0 0.870345 0.103455 0.259441 0.172536 0.902045 0.164559 0.996917 0.189248 1.000000 0.166011 0.885689 0.061444 0.740559 0.016712 0.902045 0.164559
0 0.903628 0.048150 0.185381 0.096300 0.811536 0.000000 0.883708 0.062125 0.996917 0.096300 0.885689 0.000000 0.811536 0.000000