0 0.753451 0.108465 0.494402 0.216930 0.505598 0.000000 0.612552 0.216930 1.000000 0.154648 1.000000 0.000000 0.505598 0.000000
0 0.304972 0.144959 0.609944 0.289917 0.000000 0.000000 0.000000 0.094789 0.150444 0.289917 0.609944 0.218164 0.509052 0.000000 0.000000 0.000000
0 0.071021 0.204137 0.142042 0.220773 0.000000 0.315244 0.142042 0.284303 0.000000 0.094470 0.000000 0.315244
0 0.809673 0.443865 0.381847 0.565855 1.000000 0.161066 0.618153 0.216930 0.854808 0.709131 1.000000 0.726920 1.000000 0.161066
0 0.225057 0.488370 0.450114 0.386116 0.000000 0.483775 0.160245 0.664216 0.445378 0.681648 0.450114 0.681059 0.153244 0.295533 0.000000 0.322481 0.000000 0.483775
0 0.725805 0.837905 0.548486 0.322684 1.000000 0.991430 0.863795 0.712548 0.451514 0.677316 0.641958 0.941195 0.953466 1.000000 1.000000 1.000000 1.000000 0.991430
0 0.078023 0.572173 0.156045 0.175597 0.000000 0.650077 0.151261 0.660581 0.156045 0.656730 0.000000 0.484984 0.000000 0.650077
0 0.185049 0.770547 0.370098 0.237969 0.000000 0.691328 0.170048 0.855106 0.370098 0.889981 0.163047 0.664216 0.000000 0.652012 0.000000 0.691328
0 0.931757 0.856160 0.135389 0.284195 1.000000 0.729266 0.864611 0.714745 1.000000 0.998941 1.000000 0.729266
0 0.325082 0.927566 0.300164 0.145756 0.474448 1.000000 0.371569 0.890075 0.174284 0.854244 0.320462 1.000000 0.474448 1.000000
0 0.527741 0.944723 0.311733 0.111322 0.684303 1.000000 0.643277 0.940636 0.372570 0.888678 0.470913 1.000000 0.684303 1.000000
0 0.785933 0.970084 0.284366 0.058919 0.928039 1.000000 0.643673 0.941081 0.683459 1.000000 0.928039 1.000000
0 0.126961 0.898639 0.253922 0.175403 0.000000 0.843239 0.104828 0.939466 0.253922 0.985581 0.088023 0.833166 0.000000 0.810178 0.000000 0.843239
0 0.088877 0.953054 0.177753 0.093608 0.177753 1.000000 0.106862 0.938764 0.000000 0.906392 0.000000 0.911734 0.101595 1.000000 0.177753 1.000000