0 0.811588 0.394102 0.295052 0.403830 0.663344 0.595975 0.953966 0.588559 0.958395 0.192145 0.664608 0.205883 0.663344 0.595975
0 0.812402 0.101620 0.302928 0.203241 0.660811 0.000000 0.667036 0.203241 0.958395 0.196070 0.963739 0.000000 0.660811 0.000000
0 0.506837 0.102941 0.319925 0.205883 0.347636 0.000000 0.353267 0.205695 0.667561 0.205883 0.660708 0.000000 0.347636 0.000000
0 0.183699 0.104904 0.351773 0.209808 0.007237 0.000000 0.021041 0.205695 0.359011 0.209808 0.345405 0.000000 0.007237 0.000000
0 0.807266 0.785455 0.286406 0.392786 0.665191 0.981345 0.949537 0.953573 0.951014 0.588559 0.664608 0.606220 0.665191 0.981345
0 0.509700 0.412277 0.310025 0.405803 0.362495 0.615611 0.660180 0.602295 0.664608 0.209808 0.354583 0.211770 0.362495 0.615611
0 0.516947 0.799834 0.302644 0.399667 0.476759 1.000000 0.667561 0.981047 0.661656 0.600333 0.364917 0.619958 0.367947 1.000000 0.476759 1.000000
0 0.187874 0.425402 0.335123 0.419553 0.033961 0.635248 0.356059 0.616033 0.347200 0.217658 0.020936 0.215695 0.033961 0.635248
0 0.201101 0.807027 0.333452 0.385930 0.367673 1.000000 0.360487 0.614070 0.034222 0.637620 0.056089 1.000000 0.367673 1.000000
0 0.806123 0.980227 0.287247 0.038578 0.950519 1.000000 0.948061 0.961422 0.663344 0.983800 0.663272 1.000000 0.950519 1.000000
0 0.560916 0.990145 0.212456 0.020916 0.666395 1.000000 0.664608 0.979084 0.453939 1.000000 0.666395 1.000000