0 0.885171 0.852968 0.229717 0.293436 1.000000 0.719567 0.770283 0.706564 0.833875 1.000000 1.000000 1.000000 1.000000 0.719567
0 0.856189 0.576720 0.287378 0.253441 1.000000 0.472069 0.712622 0.450711 0.765283 0.691581 1.000000 0.704152 1.000000 0.472069
0 0.838818 0.387288 0.321386 0.152700 1.000000 0.330300 0.678614 0.310494 0.710536 0.444845 1.000000 0.463194 1.000000 0.330300
0 0.801330 0.188052 0.318286 0.088605 0.960228 0.232273 0.903491 0.164275 0.641942 0.143669 0.656037 0.211598 0.960228 0.232273
0 0.764016 0.130599 0.265533 0.061198 0.639744 0.145270 0.897353 0.161912 0.861692 0.115947 0.631820 0.100714 0.639744 0.145270
0 0.739202 0.087861 0.231530 0.050722 0.854242 0.113569 0.821773 0.073942 0.622713 0.062847 0.631820 0.099722 0.854242 0.113569
0 0.054184 0.757856 0.108369 0.218838 0.000000 0.867556 0.108369 0.658403 0.000000 0.648719 0.000000 0.867556
0 0.109539 0.526724 0.219078 0.231573 0.000000 0.637298 0.116442 0.642948 0.219078 0.421438 0.000000 0.411375 0.000000 0.637298
0 0.145288 0.350620 0.290577 0.144991 0.000000 0.409320 0.214464 0.423155 0.290577 0.290936 0.000000 0.278164 0.000000 0.409320
0 0.168352 0.242534 0.336705 0.094442 0.000000 0.272081 0.288270 0.289084 0.336705 0.198077 0.053016 0.194642 0.000000 0.246406 0.000000 0.272081
0 0.214535 0.168718 0.300945 0.068686 0.333245 0.203228 0.365536 0.139694 0.131433 0.134542 0.064591 0.191152 0.333245 0.203228
0 0.260717 0.112257 0.265184 0.043264 0.370148 0.132825 0.393213 0.089897 0.181022 0.089897 0.128028 0.133161 0.370148 0.132825
0 0.296661 0.072148 0.227697 0.034922 0.394366 0.089627 0.410511 0.055284 0.223691 0.057002 0.182814 0.090206 0.394366 0.089627
0 0.326534 0.042055 0.203069 0.030984 0.413452 0.056883 0.427291 0.025975 0.257077 0.029066 0.224222 0.056959 0.413452 0.056883
0 0.349398 0.014084 0.183170 0.025042 0.428673 0.025975 0.441128 0.002278 0.284061 0.005369 0.257958 0.027320 0.428673 0.025975