0 0.106641 0.154450 0.213281 0.308900 0.000000 0.000000 0.000000 0.296828 0.213281 0.308900 0.146338 0.000000 0.000000 0.000000
0 0.135471 0.438780 0.270942 0.252561 0.000000 0.544617 0.270942 0.564753 0.218281 0.323883 0.000000 0.312192 0.000000 0.544617
0 0.152475 0.628954 0.304950 0.151658 0.000000 0.686177 0.304950 0.704970 0.273028 0.570619 0.000000 0.553312 0.000000 0.686177
0 0.182580 0.827115 0.318286 0.088605 0.341622 0.871795 0.327527 0.803866 0.023336 0.783191 0.080073 0.851189 0.341622 0.871795
0 0.218704 0.883724 0.265533 0.061198 0.121872 0.899517 0.351744 0.914750 0.343820 0.870194 0.086211 0.853552 0.121872 0.899517
0 0.245452 0.926923 0.231530 0.050720 0.360852 0.952616 0.351744 0.915742 0.129322 0.901895 0.161791 0.941520 0.360852 0.952616
0 0.937402 0.241638 0.124805 0.252027 1.000000 0.116186 0.875195 0.357061 1.000000 0.368212 1.000000 0.116186
0 0.881820 0.488039 0.235514 0.232328 1.000000 0.378964 0.867122 0.372516 0.764486 0.594025 1.000000 0.604844 1.000000 0.378964
0 0.847256 0.665045 0.307013 0.145714 1.000000 0.607205 0.769100 0.592308 0.692987 0.724528 1.000000 0.738022 1.000000 0.607205
0 0.823445 0.773784 0.353141 0.094442 1.000000 0.744352 0.695294 0.726380 0.646859 0.817388 0.930548 0.820822 1.000000 0.753011 1.000000 0.744352
0 0.769223 0.846843 0.300945 0.068686 0.852131 0.880922 0.918973 0.824312 0.650319 0.812236 0.618028 0.875770 0.852131 0.880922
0 0.723217 0.904445 0.265184 0.043264 0.802542 0.925567 0.855536 0.882303 0.613416 0.882639 0.590352 0.925567 0.802542 0.925567
0 0.687286 0.942461 0.227697 0.034922 0.759873 0.958463 0.800750 0.925258 0.589198 0.925836 0.573053 0.960180 0.759873 0.958463
0 0.657784 0.973305 0.203069 0.030984 0.726487 0.986398 0.759342 0.958505 0.570113 0.958581 0.556273 0.989489 0.726487 0.986398
0 0.638120 0.993428 0.176241 0.011856 0.711508 1.000000 0.725606 0.988144 0.554891 0.989489 0.549366 1.000000 0.711508 1.000000