0 0.882522 0.841439 0.233794 0.317253 1.000000 0.695972 0.766206 0.682747 0.835000 1.000000 1.000000 1.000000 1.000000 0.695972
0 0.855608 0.558276 0.289341 0.244677 1.000000 0.457908 0.710659 0.436416 0.761389 0.668320 1.000000 0.681092 1.000000 0.457908
0 0.839176 0.375461 0.322102 0.147797 0.677898 0.301419 0.708650 0.430769 0.999845 0.449216 1.000000 0.321256 0.677898 0.301419
0 0.795495 0.183278 0.306616 0.085306 0.642572 0.140803 0.656150 0.206203 0.949188 0.226109 0.894530 0.160641 0.642572 0.140803
0 0.760711 0.129460 0.255797 0.058920 0.854264 0.114112 0.632820 0.099447 0.640453 0.142344 0.888617 0.158367 0.854264 0.114112
0 0.734958 0.086917 0.223041 0.048834 0.624045 0.062989 0.632820 0.098492 0.847086 0.111823 0.815809 0.073672 0.624045 0.062989
0 0.064281 0.754732 0.128562 0.259464 0.000000 0.884361 0.128562 0.636378 0.000000 0.624897 0.000000 0.884361
0 0.117605 0.508907 0.235211 0.224064 0.000000 0.614886 0.136339 0.621500 0.235211 0.408233 0.000000 0.397436 0.000000 0.614886
0 0.152045 0.339077 0.304089 0.140655 0.000000 0.395008 0.230767 0.409886 0.304089 0.282589 0.000000 0.269231 0.000000 0.395008
0 0.174123 0.236089 0.348247 0.090928 0.075237 0.189878 0.000278 0.263027 0.301867 0.280806 0.348525 0.193184 0.075237 0.189878
0 0.230892 0.164314 0.289909 0.066128 0.150781 0.132016 0.086389 0.186517 0.345194 0.198144 0.376298 0.136975 0.150781 0.132016
0 0.274605 0.109890 0.255461 0.041655 0.198550 0.089031 0.147500 0.130686 0.380742 0.130362 0.402961 0.089031 0.198550 0.089031
0 0.309673 0.073061 0.219347 0.033622 0.239655 0.057361 0.200278 0.089330 0.404072 0.088772 0.419625 0.055708 0.239655 0.057361
0 0.338436 0.043041 0.195622 0.029831 0.271817 0.030464 0.240167 0.057320 0.422458 0.057247 0.435789 0.027489 0.271817 0.030464
0 0.361664 0.016742 0.176453 0.024109 0.297812 0.007650 0.272667 0.028784 0.437122 0.027489 0.449120 0.004675 0.297812 0.007650