0 0.186839 0.386482 0.286178 0.391714 0.048409 0.575902 0.330291 0.583095 0.329064 0.204706 0.044112 0.191381 0.048409 0.575902
0 0.186116 0.101071 0.294106 0.202142 0.038794 0.000000 0.044112 0.195188 0.326709 0.202142 0.332900 0.000000 0.038794 0.000000
0 0.481783 0.102353 0.310441 0.204706 0.333014 0.000000 0.326200 0.204706 0.631042 0.204523 0.636641 0.000000 0.333014 0.000000
0 0.795765 0.104256 0.341530 0.208513 0.638992 0.000000 0.625470 0.208513 0.953277 0.204523 0.967000 0.000000 0.638992 0.000000
0 0.190458 0.767064 0.277791 0.381003 0.052705 0.929966 0.328500 0.956905 0.329064 0.593034 0.051273 0.575902 0.052705 0.929966
0 0.480038 0.404627 0.300702 0.393630 0.333359 0.589227 0.622091 0.602142 0.629766 0.210417 0.329064 0.208513 0.333359 0.589227
0 0.473334 0.786577 0.293542 0.398153 0.326200 0.956616 0.616720 0.985477 0.619742 0.606359 0.331928 0.587323 0.326200 0.956616
0 0.790647 0.417546 0.325044 0.406967 0.628334 0.602552 0.940745 0.621191 0.953378 0.214223 0.636925 0.216128 0.628334 0.602552
0 0.778995 0.799676 0.323614 0.399352 0.917773 1.000000 0.940492 0.623491 0.624039 0.600648 0.616878 0.985169 0.841683 1.000000 0.917773 1.000000
0 0.190157 0.968710 0.280314 0.062420 0.330473 1.000000 0.330291 0.959286 0.054136 0.937580 0.050159 1.000000 0.330473 1.000000
0 0.470725 0.977331 0.291450 0.045288 0.616645 1.000000 0.614930 0.983095 0.329064 0.954712 0.325195 1.000000 0.616645 1.000000