0 0.752233 0.110652 0.495091 0.221305 0.504909 0.000000 0.614172 0.221305 1.000000 0.159370 1.000000 0.000000 0.504909 0.000000
0 0.305788 0.146942 0.611577 0.293884 0.000000 0.000000 0.000000 0.094427 0.153998 0.293884 0.611577 0.222533 0.508519 0.000000 0.000000 0.000000
0 0.072816 0.206767 0.145631 0.226034 0.000000 0.319980 0.145631 0.288302 0.000000 0.093945 0.000000 0.319980
0 0.810438 0.446972 0.380250 0.562694 1.000000 0.165752 0.619750 0.221305 0.855416 0.710756 1.000000 0.728445 1.000000 0.165752
0 0.226207 0.491979 0.452414 0.383958 0.000000 0.481953 0.163759 0.666091 0.447698 0.683427 0.452414 0.682841 0.156787 0.299469 0.000000 0.327000 0.000000 0.481953
0 0.726220 0.840128 0.546191 0.320881 1.000000 0.991478 0.864366 0.714153 0.453809 0.679119 0.643456 0.941523 0.953661 1.000000 1.000000 1.000000 1.000000 0.991478
0 0.079788 0.572420 0.159577 0.179214 0.000000 0.651741 0.154812 0.662477 0.159577 0.658647 0.000000 0.483263 0.000000 0.651741
0 0.186367 0.771601 0.372734 0.236952 0.000000 0.689028 0.173520 0.855916 0.372734 0.890595 0.166548 0.666091 0.000000 0.653644 0.000000 0.689028
0 0.933037 0.856929 0.134823 0.282608 1.000000 0.730778 0.865177 0.716339 1.000000 0.998947 1.000000 0.730778
0 0.327579 0.927159 0.298908 0.144942 0.476647 1.000000 0.374198 0.890689 0.177739 0.855058 0.323305 1.000000 0.476647 1.000000
0 0.530214 0.944412 0.310428 0.110698 0.685623 1.000000 0.644770 0.940969 0.375195 0.889302 0.473127 1.000000 0.685623 1.000000
0 0.786900 0.971483 0.283175 0.058591 0.928341 1.000000 0.645166 0.941409 0.684784 1.000000 0.928341 1.000000
0 0.128522 0.897132 0.257044 0.175514 0.000000 0.840280 0.108573 0.939805 0.257044 0.985661 0.091841 0.834097 0.000000 0.810147 0.000000 0.840280
0 0.090597 0.953425 0.181194 0.094350 0.181194 1.000000 0.110600 0.939106 0.000000 0.905650 0.000000 0.908597 0.105355 1.000000 0.181194 1.000000