0 0.561316 0.500000 0.775756 1.000000 0.762158 0.000000 0.612098 0.035448 0.173556 0.898162 0.246547 1.000000 0.508563 1.000000 0.949312 0.000000 0.762158 0.000000
0 0.340459 0.485495 0.518419 0.867864 0.600269 0.051989 0.399173 0.105644 0.081850 0.783636 0.163263 0.919853 0.600269 0.051989
0 0.192567 0.433275 0.385134 0.647800 0.000000 0.669886 0.065006 0.756953 0.385134 0.109153 0.260583 0.120800 0.000000 0.594053 0.000000 0.669886
0 0.130759 0.353972 0.261519 0.470444 0.000000 0.588436 0.261519 0.117992 0.173556 0.132034 0.000000 0.429748 0.000000 0.588436
0 0.085966 0.284791 0.171931 0.291458 0.000000 0.430181 0.171931 0.138723 0.111911 0.150752 0.000000 0.334306 0.000000 0.430181
0 0.758227 0.500000 0.482080 1.000000 0.957734 0.000000 0.517920 1.000000 1.000000 1.000000 1.000000 0.000000 0.957734 0.000000
0 0.054935 0.245519 0.109870 0.187912 0.000000 0.339784 0.109870 0.151872 0.062411 0.162828 0.000000 0.265277 0.000000 0.339784
0 0.030658 0.218412 0.061316 0.102448 0.061316 0.167211 0.026106 0.169920 0.000350 0.214327 0.000000 0.269659 0.061316 0.167211
0 0.011309 0.196447 0.022619 0.046019 0.000000 0.218709 0.022619 0.174333 0.000000 0.172691 0.000000 0.218709
0 0.525049 0.034312 0.212598 0.068623 0.456155 0.000000 0.418044 0.068623 0.616339 0.025694 0.630642 0.000000 0.456155 0.000000
0 0.672060 0.011871 0.103495 0.023742 0.636494 0.000000 0.620889 0.023742 0.724384 0.000000 0.636494 0.000000
0 0.349774 0.054801 0.168298 0.109602 0.339375 0.000000 0.265909 0.109602 0.384886 0.087161 0.434208 0.000000 0.339375 0.000000
0 0.263180 0.060167 0.148234 0.120334 0.265955 0.000000 0.189191 0.120334 0.270459 0.104723 0.337425 0.000000 0.265955 0.000000
0 0.191891 0.071388 0.146283 0.142775 0.214747 0.000000 0.118975 0.142775 0.187891 0.127164 0.265258 0.000000 0.214747 0.000000
0 0.144041 0.077730 0.144333 0.155459 0.178170 0.000000 0.072164 0.155459 0.121575 0.140823 0.216497 0.000000 0.178170 0.000000
0 0.063769 0.084200 0.127537 0.168400 0.104203 0.000000 0.000000 0.145959 0.000000 0.168400 0.007911 0.165473 0.127537 0.000000 0.104203 0.000000
0 0.077116 0.082120 0.141731 0.164239 0.124523 0.000000 0.006500 0.164239 0.037706 0.162289 0.148231 0.000000 0.124523 0.000000
0 0.106279 0.082608 0.146933 0.165216 0.147283 0.000000 0.033156 0.165216 0.074766 0.156434 0.180089 0.000000 0.147283 0.000000
0 0.052253 0.073259 0.104506 0.146517 0.000000 0.146517 0.104506 0.000000 0.077481 0.010755 0.000000 0.114898 0.000000 0.146517
0 0.038233 0.062765 0.076466 0.103655 0.000000 0.115136 0.076466 0.011481 0.050484 0.026697 0.000000 0.093939 0.000000 0.115136
0 0.025985 0.057620 0.051970 0.065241 0.018894 0.047752 0.000000 0.074642 0.000216 0.090953 0.051970 0.025712 0.018894 0.047752
0 0.009165 0.059292 0.018330 0.027959 0.000733 0.073089 0.018330 0.045130 0.000000 0.053575 0.000733 0.073089