0 0.863151 0.683679 0.273177 0.376733 1.000000 0.768830 0.837053 0.503936 0.726823 0.495833 0.939120 0.861450 1.000000 0.872566 1.000000 0.768830
0 0.915848 0.631230 0.166070 0.259336 0.998958 0.602114 0.939120 0.515052 0.832888 0.502084 0.998958 0.761420 0.998958 0.602114
0 0.970023 0.559737 0.058797 0.094473 1.000000 0.514352 0.941203 0.513198 1.000000 0.607672 1.000000 0.514352
0 0.036298 0.075987 0.072597 0.114475 0.072597 0.133456 0.048438 0.018981 0.000000 0.027869 0.017398 0.131603 0.072597 0.133456
0 0.088014 0.077738 0.082278 0.114850 0.129880 0.135309 0.095312 0.025927 0.047602 0.020459 0.071555 0.131603 0.129880 0.135309
0 0.141138 0.081442 0.094777 0.122259 0.188203 0.142719 0.150000 0.025927 0.093427 0.020459 0.134045 0.140866 0.188203 0.142719
0 0.195826 0.088328 0.091652 0.120406 0.241319 0.148275 0.196875 0.030556 0.149667 0.027869 0.187161 0.142719 0.241319 0.148275
0 0.247909 0.092089 0.102067 0.118553 0.298602 0.151980 0.247656 0.035186 0.196534 0.033427 0.242361 0.148275 0.298602 0.151980
0 0.302595 0.099266 0.105191 0.120406 0.355883 0.159391 0.299739 0.042130 0.250692 0.038984 0.300684 0.151980 0.355883 0.159391
0 0.690615 0.142469 0.131230 0.106813 0.679553 0.091527 0.624503 0.089548 0.705131 0.194383 0.755733 0.196361 0.679553 0.091527
0 0.747210 0.148304 0.125670 0.102858 0.684002 0.097459 0.757958 0.194383 0.809672 0.200317 0.729042 0.102405 0.729598 0.101416 0.684002 0.097459
0 0.797527 0.153980 0.135680 0.104836 0.865278 0.206252 0.776670 0.105298 0.729598 0.101416 0.810783 0.200317 0.865278 0.206252
0 0.849923 0.159976 0.137347 0.101202 0.918103 0.210208 0.830200 0.109006 0.780756 0.111306 0.865278 0.206252 0.918103 0.210208
0 0.900758 0.161872 0.139016 0.101869 0.970930 0.213175 0.875388 0.116422 0.831914 0.111306 0.916991 0.212186 0.970930 0.213175
0 0.940098 0.167053 0.120820 0.102856 1.000000 0.193394 0.919880 0.123838 0.879180 0.116252 0.970373 0.214164 1.000000 0.219108 1.000000 0.193394
0 0.967523 0.157072 0.066295 0.064144 1.000000 0.147628 0.984680 0.129350 0.933705 0.125119 1.000000 0.189263 1.000000 0.147628
0 0.992741 0.136756 0.013606 0.017263 1.000000 0.129350 0.986394 0.128842 1.000000 0.146105 1.000000 0.129350
0 0.903308 0.073059 0.134741 0.089869 0.970978 0.118687 0.883739 0.029947 0.836237 0.028819 0.926731 0.116656 0.970978 0.118687
0 0.942841 0.077453 0.113806 0.092406 1.000000 0.117672 0.933348 0.037561 0.886194 0.030850 0.970692 0.117164 1.000000 0.123256 1.000000 0.117672
0 0.966921 0.077567 0.065092 0.080134 1.000000 0.076795 0.974059 0.040891 0.934908 0.037470 1.000000 0.117605 1.000000 0.076795
0 0.988562 0.058248 0.024000 0.035245 1.000000 0.041922 0.976000 0.040438 1.000000 0.075683 1.000000 0.041922
0 0.847984 0.068277 0.130344 0.089680 0.912400 0.113309 0.828344 0.027445 0.782056 0.023630 0.859030 0.107108 0.912400 0.113309
0 0.797208 0.061310 0.122541 0.091370 0.781252 0.021722 0.736195 0.016475 0.735684 0.016214 0.814777 0.104245 0.858225 0.107584 0.781252 0.021722
0 0.752934 0.058424 0.121492 0.088723 0.736195 0.015520 0.692480 0.014567 0.764892 0.099475 0.813972 0.103291 0.736195 0.015520
0 0.704520 0.054114 0.115291 0.089478 0.647198 0.009061 0.717700 0.095200 0.762489 0.098539 0.691684 0.014108 0.647198 0.009061
0 0.660741 0.049288 0.112106 0.089202 0.646628 0.008383 0.603984 0.005044 0.603984 0.005998 0.668620 0.088998 0.716091 0.094245 0.646628 0.008383
0 0.613876 0.045346 0.109002 0.087567 0.559350 0.001908 0.624367 0.088522 0.668352 0.089475 0.603448 0.005044 0.559350 0.001908
0 0.080905 0.326913 0.161809 0.247577 0.090455 0.212953 0.000303 0.203000 0.045516 0.444097 0.162112 0.450577 0.090455 0.212953
0 0.023365 0.332976 0.046730 0.222202 0.000000 0.444097 0.046730 0.444097 0.001822 0.221895 0.000000 0.444097
0 0.177118 0.335999 0.176111 0.237623 0.265350 0.454897 0.180998 0.219197 0.089239 0.217273 0.152397 0.450577 0.265350 0.454897
0 0.276245 0.344042 0.193114 0.250584 0.373445 0.470019 0.275142 0.224595 0.180331 0.219434 0.265350 0.457058 0.373445 0.470019
0 0.379104 0.353900 0.211333 0.248425 0.485184 0.478659 0.361694 0.232694 0.273852 0.230234 0.371017 0.463537 0.485184 0.478659
0 0.367722 0.111130 0.107319 0.106634 0.367845 0.059037 0.313286 0.057970 0.363048 0.163539 0.420605 0.164605 0.367845 0.059037
0 0.418748 0.112159 0.103120 0.105569 0.470366 0.165672 0.415808 0.065436 0.367245 0.060103 0.423002 0.164605 0.470366 0.165672
0 0.468448 0.121037 0.102522 0.107700 0.519528 0.174202 0.466369 0.068225 0.417006 0.066502 0.472764 0.164605 0.519528 0.174202
0 0.521873 0.123096 0.103120 0.105567 0.470366 0.070767 0.522527 0.174202 0.573486 0.176334 0.517339 0.076220 0.520128 0.075033 0.470366 0.070767
0 0.578232 0.130376 0.112714 0.104502 0.634041 0.182733 0.568691 0.082497 0.521327 0.078231 0.574686 0.177402 0.634041 0.182733
0 0.636152 0.138262 0.122305 0.104648 0.697591 0.190197 0.614030 0.085548 0.575286 0.086762 0.635839 0.182733 0.697591 0.190197
0 0.559023 0.041460 0.102422 0.082920 0.507770 0.002059 0.560066 0.081422 0.610192 0.082920 0.551220 0.000000 0.507770 0.002059
0 0.508888 0.038959 0.095902 0.077917 0.460373 0.004869 0.494775 0.070183 0.556275 0.078425 0.508255 0.000508 0.460373 0.004869
0 0.454089 0.034809 0.076928 0.069617 0.416044 0.000820 0.447111 0.066880 0.492972 0.069617 0.459423 0.000000 0.416044 0.000820
0 0.410159 0.032865 0.073442 0.065730 0.373406 0.002980 0.399836 0.064548 0.446848 0.066212 0.415975 0.000483 0.373406 0.002980
0 0.366046 0.031616 0.066467 0.063231 0.373683 0.001000 0.332517 0.000169 0.332242 0.002703 0.362455 0.059241 0.398709 0.063400 0.373683 0.001000
0 0.323809 0.028788 0.075742 0.057577 0.361753 0.057577 0.330645 0.000000 0.286011 0.000575 0.312169 0.057577 0.361753 0.057577
0 0.146820 0.632360 0.203014 0.386595 0.045477 0.438297 0.103953 0.824892 0.105111 0.819552 0.248491 0.822930 0.161327 0.455959 0.045477 0.438297
0 0.271916 0.643297 0.225083 0.386594 0.384203 0.836666 0.270639 0.461519 0.159120 0.450072 0.250698 0.826853 0.384203 0.836666
0 0.393887 0.649728 0.247148 0.380706 0.517706 0.840591 0.375475 0.471328 0.270558 0.459884 0.381995 0.832741 0.517706 0.840591
0 0.514847 0.659285 0.270319 0.374820 0.650108 0.846478 0.491345 0.481137 0.379789 0.471658 0.515500 0.838628 0.650108 0.846478
0 0.634337 0.664154 0.296800 0.368933 0.782509 0.848441 0.596180 0.490947 0.485709 0.479508 0.647902 0.844516 0.782509 0.848441
0 0.757319 0.676072 0.317763 0.370894 0.916014 0.862177 0.705153 0.500756 0.598252 0.491283 0.785819 0.856291 0.916014 0.862177
0 0.493636 0.360024 0.218522 0.238798 0.602575 0.479394 0.477172 0.245312 0.384053 0.240595 0.504425 0.477747 0.602575 0.479394
0 0.594794 0.368660 0.233338 0.240445 0.710911 0.489275 0.565152 0.251487 0.477573 0.248830 0.603502 0.481041 0.710911 0.489275
0 0.693116 0.374255 0.251856 0.245386 0.818320 0.497509 0.653130 0.261777 0.566464 0.252123 0.709984 0.485981 0.818320 0.497509
0 0.791091 0.382068 0.275931 0.245386 0.928508 0.504097 0.746897 0.267952 0.652577 0.258711 0.820172 0.495862 0.928508 0.504097
0 0.872091 0.387410 0.256681 0.240445 1.000000 0.476100 0.836034 0.272067 0.743319 0.266945 0.932211 0.504097 1.000000 0.507391 1.000000 0.476100
0 0.919717 0.371343 0.161309 0.192686 1.000000 0.367405 0.919383 0.284414 0.838691 0.275180 1.000000 0.467866 1.000000 0.367405
0 0.970515 0.317926 0.059780 0.070227 1.000000 0.283414 0.940220 0.282356 1.000000 0.352583 1.000000 0.283414