0 0.439341 0.678201 0.878683 0.643902 0.878683 1.000000 0.681636 0.492316 0.461613 0.356098 0.000000 0.576011 0.000000 0.850334 0.179634 1.000000 0.878683 1.000000
0 0.228610 0.359627 0.457220 0.350503 0.000000 0.534548 0.457220 0.354098 0.254700 0.228931 0.000000 0.184045 0.000000 0.534548
0 0.124613 0.159095 0.249227 0.130689 0.000000 0.182239 0.249227 0.223961 0.075637 0.118613 0.000000 0.093272 0.000000 0.182239
0 0.245370 0.189813 0.328239 0.139002 0.409330 0.259033 0.304084 0.194111 0.081091 0.120031 0.256498 0.227758 0.409330 0.259033
0 0.389785 0.291466 0.263945 0.123558 0.458352 0.353828 0.522361 0.330220 0.411662 0.261912 0.258416 0.230270 0.458352 0.353828
0 0.384925 0.232265 0.166725 0.077030 0.468813 0.271195 0.395002 0.225441 0.302088 0.194166 0.411502 0.261350 0.468813 0.271195
0 0.570939 0.410363 0.216878 0.155100 0.644731 0.404055 0.525434 0.332152 0.461741 0.354150 0.678619 0.487252 0.644731 0.404055
0 0.479521 0.296905 0.134042 0.068811 0.547211 0.323167 0.470830 0.273152 0.413169 0.262392 0.525373 0.331203 0.547211 0.323167
0 0.583606 0.361609 0.114088 0.076344 0.629294 0.373895 0.550223 0.323167 0.527256 0.331706 0.641344 0.399511 0.629294 0.373895
0 0.446642 0.251308 0.102659 0.052616 0.498605 0.276984 0.441606 0.237131 0.395945 0.224369 0.468786 0.271356 0.498605 0.276984
0 0.515342 0.297947 0.090059 0.049019 0.546409 0.321825 0.560584 0.316855 0.502705 0.277738 0.470525 0.272806 0.546409 0.321825
0 0.588961 0.344867 0.077922 0.055359 0.620730 0.353895 0.562075 0.317684 0.550378 0.322755 0.628300 0.373044 0.620730 0.353895
0 0.489669 0.266287 0.066838 0.041948 0.486734 0.262422 0.455491 0.245664 0.503162 0.278105 0.522328 0.287612 0.486734 0.262422
0 0.510306 0.278037 0.036237 0.021700 0.528770 0.288472 0.499598 0.267720 0.492533 0.266772 0.520395 0.286108 0.528770 0.288472
0 0.521277 0.280791 0.033178 0.017831 0.538434 0.289545 0.511881 0.272016 0.505256 0.271714 0.530703 0.288472 0.538434 0.289545
0 0.528236 0.281075 0.028347 0.015275 0.543105 0.288902 0.518928 0.273627 0.514758 0.274077 0.538111 0.288686 0.543105 0.288902
0 0.539953 0.301209 0.048656 0.030542 0.515906 0.286134 0.560189 0.316677 0.564562 0.315616 0.525117 0.288931 0.525606 0.289316 0.515906 0.286134
0 0.562895 0.303241 0.032039 0.018983 0.579111 0.311798 0.556228 0.294762 0.547072 0.294406 0.575931 0.313389 0.579111 0.311798
0 0.558512 0.303984 0.035775 0.020467 0.576169 0.313708 0.547481 0.294497 0.540394 0.293770 0.571638 0.314238 0.576169 0.313708
0 0.551523 0.303694 0.040547 0.023012 0.571081 0.314025 0.537212 0.292284 0.530534 0.292073 0.564084 0.315086 0.571081 0.314025
0 0.576738 0.306106 0.022227 0.012212 0.572433 0.300556 0.565470 0.300328 0.580223 0.312541 0.587697 0.312434 0.572433 0.300556
0 0.591556 0.335355 0.058112 0.036336 0.617473 0.346017 0.568559 0.316547 0.562164 0.317727 0.620277 0.352883 0.617473 0.346017
0 0.592569 0.330401 0.047637 0.029552 0.614472 0.339444 0.574814 0.315855 0.568836 0.316659 0.616473 0.345406 0.614472 0.339444
0 0.594449 0.326524 0.038898 0.024923 0.610469 0.331700 0.579486 0.314075 0.575173 0.315323 0.614072 0.338998 0.610469 0.331700
0 0.595612 0.319671 0.019348 0.011217 0.602795 0.322355 0.588494 0.313630 0.585181 0.314345 0.604530 0.324847 0.602795 0.322355
0 0.592998 0.321761 0.026620 0.015397 0.606064 0.326538 0.584741 0.314409 0.580445 0.314345 0.607066 0.329742 0.606064 0.326538