0 0.530242 0.463501 0.844859 0.927002 0.951956 0.000000 0.381562 0.300417 0.107097 0.606908 0.294566 0.927002 0.951956 0.000000
0 0.656781 0.500000 0.685438 1.000000 1.000000 0.000000 0.991950 0.008395 0.314562 0.928669 0.379552 1.000000 1.000000 1.000000 1.000000 0.000000
0 0.656036 0.146457 0.527697 0.292914 0.706841 0.000000 0.607703 0.063827 0.391472 0.292914 0.919169 0.000000 0.706841 0.000000
0 0.432963 0.221265 0.347177 0.301905 0.607023 0.071087 0.417011 0.211711 0.259847 0.372992 0.386742 0.302645 0.607023 0.071087
0 0.230337 0.455898 0.301298 0.302420 0.381138 0.304828 0.253477 0.377108 0.079839 0.558516 0.105700 0.607248 0.381138 0.304828
0 0.662360 0.028210 0.087220 0.056420 0.674766 0.000000 0.619020 0.056420 0.706241 0.000000 0.675523 0.000000 0.674766 0.000000
0 0.543901 0.107884 0.262802 0.215767 0.649358 0.000000 0.556828 0.068561 0.412344 0.215767 0.593233 0.080197 0.675145 0.000000 0.649358 0.000000
0 0.598157 0.038639 0.105689 0.077278 0.624003 0.000000 0.545142 0.077278 0.650831 0.000000 0.624003 0.000000
0 0.165274 0.469427 0.189923 0.185728 0.079836 0.561853 0.260297 0.376125 0.228192 0.380181 0.075781 0.537961 0.070373 0.543370 0.079836 0.561853
0 0.309252 0.308460 0.152878 0.132545 0.345248 0.266119 0.232923 0.375223 0.260764 0.372958 0.385802 0.242678 0.345248 0.266119
0 0.465872 0.149202 0.234869 0.223405 0.421961 0.205902 0.582820 0.036853 0.478059 0.126372 0.347952 0.260258 0.385125 0.241064 0.421961 0.205902