0 0.137091 0.316767 0.199183 0.264784 0.172702 0.206041 0.037038 0.184466 0.105261 0.427675 0.236220 0.449250 0.172702 0.206041
0 0.272625 0.339590 0.192125 0.251055 0.367963 0.464941 0.300195 0.235784 0.175838 0.213886 0.239356 0.443366 0.367963 0.464941
0 0.401148 0.358523 0.196047 0.245170 0.498922 0.480631 0.426777 0.251152 0.302875 0.235461 0.371100 0.462980 0.498922 0.480631
0 0.530836 0.380613 0.196047 0.254977 0.629097 0.508091 0.549109 0.274689 0.433050 0.253114 0.502058 0.482594 0.629097 0.508091
0 0.654273 0.405980 0.196045 0.243209 0.752997 0.527705 0.676931 0.308031 0.556952 0.284495 0.630664 0.508091 0.752997 0.527705
0 0.781239 0.431195 0.203103 0.253016 0.882387 0.557125 0.801177 0.328922 0.679284 0.304109 0.760839 0.539473 0.882387 0.557125
0 0.207409 0.556412 0.202319 0.262823 0.173486 0.684614 0.309148 0.688538 0.238573 0.443366 0.106830 0.425714 0.173486 0.684614
0 0.342563 0.581994 0.200752 0.260862 0.443245 0.712073 0.368747 0.453173 0.242494 0.451211 0.312286 0.690498 0.443245 0.712073
0 0.473819 0.603686 0.203887 0.266747 0.575772 0.737572 0.499706 0.480631 0.371884 0.470825 0.440892 0.712073 0.575772 0.737572
0 0.601950 0.619311 0.207025 0.266747 0.705162 0.753263 0.625959 0.508091 0.498138 0.486516 0.575772 0.735609 0.705162 0.753263
0 0.731637 0.642166 0.207023 0.268708 0.834552 0.776798 0.756078 0.534805 0.627528 0.508091 0.707514 0.755223 0.834552 0.776798
0 0.862881 0.668879 0.203887 0.247133 0.761623 0.545356 0.836905 0.776798 0.965511 0.792489 0.881569 0.559314 0.881603 0.555164 0.761623 0.545356
0 0.970655 0.440680 0.060059 0.168859 1.000000 0.360989 0.939941 0.355786 1.000000 0.524645 1.000000 0.360989