0 0.489520 0.183758 0.300914 0.226891 0.517184 0.083556 0.338750 0.071014 0.468027 0.296244 0.639664 0.297905 0.517184 0.083556
0 0.671850 0.205712 0.299950 0.217673 0.822134 0.314522 0.685625 0.104236 0.522184 0.096848 0.645497 0.297905 0.822134 0.314522
0 0.841225 0.211130 0.307450 0.216011 0.995439 0.319506 0.854375 0.112542 0.687989 0.103495 0.824633 0.314522 0.995439 0.319506
0 0.628882 0.418049 0.317139 0.236098 0.470000 0.299419 0.608003 0.533856 0.787139 0.535517 0.646330 0.301228 0.470000 0.299419
0 0.805599 0.421002 0.317448 0.232628 0.964611 0.532194 0.826250 0.316030 0.647163 0.304552 0.792972 0.537180 0.964611 0.532194
0 0.446120 0.402845 0.314114 0.252566 0.464694 0.292920 0.288889 0.276305 0.415534 0.513916 0.603003 0.528870 0.464694 0.292920
0 0.256309 0.388960 0.315744 0.249795 0.285556 0.276305 0.098125 0.264120 0.224733 0.502284 0.413869 0.513916 0.285556 0.276305
0 0.108617 0.380959 0.217234 0.236917 0.000000 0.430834 0.028933 0.495639 0.217234 0.498961 0.095588 0.266334 0.000000 0.262044 0.000000 0.430834
0 0.191119 0.626580 0.329113 0.262536 0.355545 0.758112 0.218958 0.504983 0.026433 0.495577 0.154745 0.749805 0.355545 0.758112
0 0.075289 0.624794 0.150578 0.252713 0.000000 0.751467 0.150578 0.751467 0.024766 0.498900 0.000000 0.498755 0.000000 0.751467
0 0.011134 0.473734 0.022267 0.053717 0.000000 0.492253 0.022267 0.500561 0.000000 0.446844 0.000000 0.492253
0 0.387368 0.635758 0.334111 0.255891 0.554678 0.763098 0.412708 0.517442 0.220567 0.507208 0.357211 0.761436 0.554678 0.763098
0 0.583306 0.648989 0.329113 0.254228 0.747980 0.776391 0.603003 0.528809 0.418867 0.522163 0.554678 0.766422 0.747980 0.776391
0 0.771430 0.655438 0.336611 0.260875 0.939614 0.786361 0.788750 0.538206 0.603003 0.525486 0.747147 0.778053 0.939614 0.786361
0 0.139445 0.872902 0.278891 0.255180 0.278891 1.000000 0.156458 0.756230 0.000603 0.744820 0.000000 1.000000 0.278891 1.000000
0 0.316848 0.877292 0.327445 0.245209 0.480523 1.000000 0.357500 0.756230 0.153078 0.754791 0.274725 1.000000 0.480523 1.000000
0 0.518098 0.878024 0.329945 0.243548 0.683823 1.000000 0.554375 0.768687 0.353878 0.756452 0.480523 1.000000 0.683823 1.000000
0 0.717577 0.885440 0.325780 0.230255 0.880458 1.000000 0.749645 0.778053 0.554678 0.769745 0.677158 1.000000 0.880458 1.000000