0 0.631214 0.564946 0.737428 0.504892 0.262572 0.356427 0.280798 0.817942 1.000000 0.673936 0.811959 0.313050 0.262572 0.352956 0.262572 0.356427
0 0.919673 0.458087 0.161222 0.291175 0.997767 0.312770 0.838778 0.318239 0.839803 0.322339 1.000000 0.603945 0.997767 0.312770
0 0.635312 0.857991 0.729998 0.281606 1.000000 0.716753 0.272053 0.872592 0.275131 0.873959 0.270002 0.998359 1.000000 0.995625 1.000000 0.716753
0 0.533934 0.218590 0.539742 0.227805 0.266502 0.112783 0.266502 0.332733 0.804559 0.299067 0.687517 0.104928 0.264817 0.108294 0.266502 0.112783
0 0.852187 0.202880 0.294998 0.196384 0.705002 0.109673 0.827939 0.301569 1.000000 0.293712 0.998030 0.111917 0.707528 0.105184 0.705002 0.109673
0 0.120186 0.232695 0.240372 0.243516 0.000000 0.354311 0.232794 0.332989 0.240372 0.110795 0.000000 0.120895 0.000000 0.354311
0 0.115544 0.616357 0.231087 0.513964 0.000000 0.385539 0.001213 0.872570 0.219298 0.836661 0.231087 0.358606 0.000000 0.383295 0.000000 0.385539
0 0.106144 0.945255 0.212288 0.109259 0.212288 1.000000 0.210236 0.890741 0.000986 0.930384 0.000000 0.935853 0.000000 1.000000 0.212288 1.000000
0 0.472250 0.048905 0.419500 0.097811 0.681964 0.095761 0.624014 0.000000 0.263489 0.000759 0.264514 0.000759 0.262464 0.097811 0.681964 0.095761
0 0.124033 0.054709 0.248066 0.109419 0.244987 0.098495 0.248066 0.001442 0.002928 0.000013 0.000000 0.109431 0.244987 0.098495
0 0.819722 0.054531 0.361319 0.105937 0.638681 0.002127 0.698170 0.095761 1.000000 0.108064 0.999719 0.090977 0.911511 0.002127 0.639194 0.002809 0.638681 0.002127