0 0.842323 0.420691 0.315897 0.569506 1.000000 0.374839 0.948228 0.135628 0.946948 0.142458 0.684103 0.164658 0.726312 0.705134 1.000000 0.696978 1.000000 0.374839
0 0.554090 0.438083 0.305055 0.532416 0.665866 0.173898 0.663308 0.171489 0.426042 0.191127 0.401102 0.703905 0.706156 0.699636 0.665866 0.173898
0 0.252601 0.451889 0.311452 0.513153 0.408423 0.197072 0.408423 0.195364 0.185228 0.209880 0.096972 0.708517 0.381562 0.705103 0.408423 0.197072
0 0.084768 0.465197 0.169536 0.505394 0.000000 0.717198 0.072328 0.717834 0.169536 0.219622 0.169536 0.212441 0.000000 0.228661 0.000000 0.717198
0 0.102738 0.103653 0.205477 0.207306 0.016331 0.000000 0.000000 0.058637 0.000000 0.207306 0.171080 0.193403 0.205477 0.000000 0.016331 0.000000
0 0.305700 0.094148 0.236400 0.188297 0.216214 0.000000 0.186934 0.188297 0.411995 0.167000 0.423334 0.000000 0.216214 0.000000
0 0.546423 0.082348 0.239720 0.164697 0.436320 0.000000 0.427234 0.164697 0.666955 0.145125 0.657983 0.000000 0.436320 0.000000
0 0.808415 0.071412 0.269955 0.142823 0.673850 0.000000 0.684683 0.142823 0.943805 0.116920 0.919831 0.000000 0.673850 0.000000
0 0.966108 0.058172 0.066591 0.116344 0.933409 0.000000 0.960198 0.116344 1.000000 0.111705 1.000000 0.000000 0.933409 0.000000
0 0.981547 0.223387 0.038094 0.168648 1.000000 0.139228 0.961906 0.141577 1.000000 0.307877 1.000000 0.139228
0 0.865793 0.869869 0.269086 0.261612 1.000000 0.739094 0.730914 0.738387 0.749380 1.000000 1.000000 1.000000 1.000000 0.739094
0 0.555659 0.869171 0.345692 0.260217 0.548212 1.000000 0.729056 0.997811 0.709208 0.746756 0.709208 0.739783 0.395803 0.741177 0.383364 1.000000 0.548212 1.000000
0 0.209337 0.869640 0.334298 0.258030 0.374609 0.745361 0.376698 0.741177 0.086277 0.746756 0.042400 0.993628 0.356850 0.999206 0.374609 0.745361
0 0.032170 0.875227 0.064339 0.250455 0.025777 1.000000 0.063294 0.753730 0.064339 0.749545 0.000000 0.749545 0.000000 1.000000 0.025777 1.000000