0 0.159484 0.439772 0.315844 0.545169 0.317039 0.195228 0.064977 0.173977 0.063750 0.167439 0.001195 0.455961 0.001808 0.704434 0.276562 0.712608 0.317039 0.195228
0 0.441583 0.456394 0.292541 0.509663 0.334528 0.204073 0.295891 0.707344 0.588431 0.711430 0.564512 0.220566 0.336981 0.201767 0.334528 0.204073
0 0.730587 0.470612 0.298673 0.491225 0.581409 0.226256 0.607169 0.712577 0.880083 0.715847 0.795448 0.238517 0.581409 0.224622 0.581409 0.226256
0 0.905077 0.482523 0.188280 0.483795 0.810497 0.247844 0.903717 0.724764 0.996937 0.723947 0.998777 0.258950 0.810497 0.240969 0.810497 0.247844
0 0.977410 0.076593 0.045445 0.153186 1.000000 0.002333 0.954555 0.000680 0.954555 0.001230 1.000000 0.153866 1.000000 0.002333
0 0.885444 0.118747 0.230262 0.237494 0.947113 0.000680 0.769737 0.001230 0.769737 0.002286 0.809016 0.222744 0.999209 0.238173 1.000000 0.190233 0.947113 0.000680
0 0.678798 0.108828 0.229472 0.217656 0.564753 0.002956 0.577984 0.197469 0.793811 0.217858 0.759908 0.000202 0.564339 0.001853 0.564753 0.002956
0 0.447755 0.097257 0.229884 0.194514 0.344234 0.002956 0.333484 0.176530 0.563369 0.195266 0.552619 0.000752 0.344234 0.004609 0.344234 0.002956
0 0.199611 0.087063 0.261722 0.174125 0.097761 0.004609 0.067992 0.149530 0.316483 0.174327 0.329714 0.000202 0.099828 0.002956 0.097761 0.004609
0 0.043295 0.074388 0.086589 0.148777 0.000000 0.004609 0.000175 0.142917 0.052272 0.148978 0.086589 0.000202 0.001830 0.002956 0.000000 0.004609
0 0.024955 0.277252 0.049911 0.213880 0.050633 0.173133 0.000722 0.170063 0.001491 0.175180 0.002258 0.383942 0.050633 0.173133
0 0.136809 0.871257 0.270492 0.255014 0.002659 0.748445 0.001658 0.995447 0.254117 0.999453 0.272150 0.744439 0.002755 0.745145 0.002659 0.748445
0 0.439239 0.870816 0.331603 0.251008 0.292964 0.752450 0.273930 0.992777 0.605533 0.996783 0.593511 0.747109 0.292964 0.745775 0.292964 0.752450
0 0.772791 0.870377 0.320583 0.247003 0.613836 0.751116 0.630867 0.994112 0.932416 0.988772 0.890339 0.752450 0.611833 0.747109 0.613836 0.751116
0 0.954516 0.874851 0.087158 0.240327 0.912380 0.759127 0.948445 0.995447 0.997534 0.995447 0.998536 0.755120 0.911378 0.755120 0.912380 0.759127